PERMNO,date,TICKER,C2C,indexC2C,C2CindexAdj,C2CindexAdjFwd3Days,C2CindexAdjFwd5Days,C2CindexAdjFwd10Days,C2CindexAdjFwd1Day
10693,20010102,HRC,-0.05364000,-0.02800000,-0.02564000,,,,-0.08238900
10693,20010103,HRC,-0.03238900,0.05000000,-0.08238900,-0.15879934,,,-0.06013000
10693,20010104,HRC,-0.07113000,-0.01100000,-0.06013000,-0.06408245,,,0.08005400
10693,20010105,HRC,0.05405400,-0.02600000,0.08005400,0.01353514,-0.08844430,,-0.00227400
10693,20010108,HRC,-0.00427400,-0.00200000,-0.00227400,0.08261818,-0.06204883,,0.00458400
10693,20010109,HRC,0.00858400,0.00400000,0.00458400,0.03072311,0.04606325,,0.02829800
10693,20010110,HRC,0.03829800,0.01000000,0.02829800,0.06594938,0.14858799,,0.03098400
10693,20010111,HRC,0.04098400,0.01000000,0.03098400,0.05836161,0.06092425,,-0.00187400
10693,20010112,HRC,-0.00787400,-0.00600000,-0.00187400,0.03511891,0.07027825,-0.02784092,0.00590500
10693,20010116,HRC,0.01190500,0.00600000,0.00590500,-0.02558582,0.03321651,-0.03181759,-0.02945100
10693,20010117,HRC,-0.02745100,0.00200000,-0.02945100,-0.08561602,-0.05893761,-0.01290273,-0.06238700
10693,20010118,HRC,-0.04838700,0.01400000,-0.06238700,-0.13353201,-0.13003708,0.00157907,-0.04684700
10693,20010119,HRC,-0.05084700,-0.00400000,-0.04684700,-0.01397531,-0.03787584,0.02123369,0.10267900
10693,20010122,HRC,0.10267900,0.00000000,0.10267900,0.04190077,-0.05256911,0.01451082,-0.00895100
10693,20010123,HRC,0.00404900,0.01300000,-0.00895100,0.12681895,0.00611686,0.04054012,0.02925800
10693,20010124,HRC,0.03225800,0.00300000,0.02925800,0.01333275,0.06511995,0.00363975,-0.00671900
10693,20010125,HRC,-0.01171900,-0.00500000,-0.00671900,0.01610755,0.11159946,-0.03278071,-0.00590500
10693,20010126,HRC,-0.00790500,-0.00200000,-0.00590500,-0.00121154,0.01914207,-0.01971954,0.01164500
10693,20010129,HRC,0.01864500,0.00700000,0.01164500,-0.02040009,0.00163119,-0.05150743,-0.02577300
10693,20010130,HRC,-0.01877300,0.00700000,-0.02577300,-0.05497640,-0.06654391,-0.06256810,-0.04055600
10693,20010131,HRC,-0.04655600,-0.00600000,-0.04055600,-0.06353409,-0.05856700,0.00304900,0.00235800
10693,20010201,HRC,0.00735800,0.00500000,0.00235800,-0.00112028,-0.01538501,0.09388943,0.03824800
10693,20010202,HRC,0.02124800,-0.01700000,0.03824800,0.06632759,-0.00282853,0.01607665,0.02460900
10693,20010205,HRC,0.02860900,0.00400000,0.02460900,0.07347464,0.03263807,0.03462209,0.00958500
10693,20010206,HRC,0.00758500,-0.00200000,0.00958500,0.04503542,0.08693198,0.01588337,0.01050900
10693,20010207,HRC,0.00250900,-0.00800000,0.01050900,0.04689697,0.11178490,0.04958402,0.02665100
10693,20010208,HRC,0.02065100,-0.00600000,0.02665100,0.01547770,0.04953895,0.03356494,-0.02072200
10693,20010209,HRC,-0.03372200,-0.01300000,-0.02072200,0.03968930,0.06004407,0.05666266,0.03495400
10693,20010212,HRC,0.04695400,0.01200000,0.03495400,-0.00273006,0.03399332,0.06641317,-0.01524200
10693,20010213,HRC,-0.02424200,-0.00900000,-0.01524200,0.02766699,0.03244525,0.12004323,0.00883200
10693,20010214,HRC,0.00683200,-0.00200000,0.00883200,-0.02965772,-0.01723778,0.09264437,-0.02342300
10693,20010215,HRC,-0.01542300,0.00800000,-0.02342300,-0.00426245,0.01408214,0.06345997,0.01022800
10693,20010216,HRC,-0.00877200,-0.01900000,0.01022800,0.02487760,0.01803111,0.07653027,0.03849200
10693,20010220,HRC,0.02149200,-0.01700000,0.03849200,0.03770892,0.02349331,0.05607926,-0.00946500
10693,20010221,HRC,-0.02846500,-0.01900000,-0.00946500,0.00473613,-0.00780016,0.02296448,-0.02347800
10693,20010222,HRC,-0.02547800,-0.00200000,-0.02347800,-0.04494609,0.00140541,-0.01480145,-0.01360800
10693,20010223,HRC,-0.01960800,-0.00600000,-0.01360800,-0.00569203,0.02269277,0.03647942,0.03300000
10693,20010226,HRC,0.05000000,0.01700000,0.03300000,-0.00085056,-0.03315174,-0.01476585,-0.01866700
10693,20010227,HRC,-0.02666700,-0.00800000,-0.01866700,0.06659341,0.02721826,0.04972509,0.05248700
10693,20010228,HRC,0.03848700,-0.01400000,0.05248700,0.01456040,0.03311508,0.02353577,-0.01796000
10693,20010301,HRC,-0.01696000,0.00100000,-0.01796000,0.03589600,0.04957263,0.04798183,0.00216600
10693,20010302,HRC,-0.00383400,-0.00600000,0.00216600,-0.07948181,-0.04762656,-0.02519836,-0.06501200
10693,20010305,HRC,-0.05901200,0.00600000,-0.06501200,-0.11539452,-0.08357749,-0.11233112,-0.05567100
10693,20010306,HRC,-0.04567100,0.01000000,-0.05567100,-0.11195734,-0.12570801,-0.09978740,0.00757100
10693,20010307,HRC,0.01357100,0.00600000,0.00757100,-0.06376378,-0.12348699,-0.09259881,-0.01539000
10693,20010308,HRC,-0.01339000,0.00200000,-0.01539000,0.01790151,-0.09994307,-0.05437110,0.02571400
10693,20010309,HRC,0.00071400,-0.02500000,0.02571400,0.03334572,-0.01335158,-0.05767920,0.02372800
10693,20010312,HRC,-0.01927200,-0.04300000,0.02372800,-0.00064262,-0.00823123,-0.08730513,-0.05066200
10693,20010313,HRC,-0.03566200,0.01500000,-0.05066200,-0.00962521,0.00030263,-0.11592119,0.01618900
10693,20010314,HRC,-0.00981100,-0.02600000,0.01618900,-0.03093148,0.01773222,-0.09873102,0.00314600
10693,20010315,HRC,0.00914600,0.00600000,0.00314600,0.02616782,0.00016435,-0.09307329,0.00716000
10693,20010316,HRC,-0.01284000,-0.02000000,0.00716000,0.00475796,-0.02931211,-0.04070123,-0.00575800
10693,20010319,HRC,0.01224200,0.01800000,-0.00575800,0.05349398,0.07234453,0.06061570,0.05196700
10693,20010320,HRC,0.02796700,-0.02400000,0.05196700,0.03732307,0.04723866,0.04396772,-0.00847100
10693,20010321,HRC,-0.02647100,-0.01800000,-0.00847100,-0.00599703,-0.00446059,0.01266876,-0.04811500
10693,20010322,HRC,-0.05211500,-0.00400000,-0.04811500,-0.04322222,0.00189716,0.00193278,0.01426300
10693,20010323,HRC,0.03426300,0.02000000,0.01426300,0.00764793,0.05112412,0.02037165,0.04447000
10693,20010326,HRC,0.05547000,0.01100000,0.04447000,-0.02217522,-0.07894954,-0.00617065,-0.07709500
10693,20010327,HRC,-0.05109500,0.02600000,-0.07709500,-0.01470238,-0.05041186,-0.00228756,0.02015400
10693,20010328,HRC,-0.00384600,-0.02400000,0.02015400,-0.04016478,0.01634898,0.01091381,0.01658300
10693,20010329,HRC,0.01158300,-0.00500000,0.01658300,0.00973572,-0.02534412,-0.02323751,-0.02703100
10693,20010330,HRC,-0.01603100,0.01100000,-0.02703100,0.00226504,-0.05363567,-0.00466024,0.01277600
10693,20010402,HRC,0.00077600,-0.01200000,0.01277600,-0.04353262,-0.00857853,-0.08217894,-0.03034100
10693,20010403,HRC,-0.06434100,-0.03400000,-0.03034100,0.04147382,0.03121546,-0.01772259,0.06348100
10693,20010404,HRC,0.06048100,-0.00300000,0.06348100,-0.04346280,-0.05701210,-0.04309071,-0.07446900
10693,20010405,HRC,-0.03046900,0.04400000,-0.07446900,-0.01839386,-0.03560799,-0.06003471,-0.00578600
10693,20010406,HRC,-0.02578600,-0.02000000,-0.00578600,-0.05630563,-0.02581021,-0.07757677,0.02425800
10693,20010409,HRC,0.03225800,0.00800000,0.02425800,-0.06044265,-0.07502840,-0.07871968,-0.07828200
10693,20010410,HRC,-0.05128200,0.02700000,-0.07828200,-0.09021733,-0.16640729,-0.13148409,-0.03516200
10693,20010411,HRC,-0.03716200,-0.00200000,-0.03516200,-0.11163373,-0.09374545,-0.14739734,0.00166700
10693,20010412,HRC,0.01666700,0.01500000,0.00166700,-0.00486322,-0.06121192,-0.09464094,0.02974700
10693,20010416,HRC,0.02674700,-0.00300000,0.02974700,0.07003143,-0.04997416,-0.07538512,0.03621900
10693,20010417,HRC,0.04621900,0.01000000,0.03621900,0.04521640,0.00860117,-0.07107870,-0.02293600
10693,20010418,HRC,0.01606400,0.03900000,-0.02293600,-0.04202373,-0.00995103,-0.18787372,-0.05252600
10693,20010419,HRC,-0.03952600,0.01300000,-0.05252600,-0.04624799,0.02044584,-0.07936640,0.03039900
10693,20010420,HRC,0.02139900,-0.00900000,0.03039900,-0.02676967,-0.01497374,-0.07825576,-0.00433900
10693,20010423,HRC,-0.01933900,-0.01500000,-0.00433900,0.08907700,0.01305205,-0.03770609,0.06376700
10693,20010424,HRC,0.05176700,-0.01200000,0.06376700,0.09102408,0.06669841,0.07979887,0.03087500
10693,20010425,HRC,0.04687500,0.01600000,0.03087500,0.11689223,0.14282099,0.14241783,0.01738800
10693,20010426,HRC,0.02238800,0.00500000,0.01738800,0.00422893,0.06472865,0.08992988,-0.04273700
10693,20010427,HRC,-0.02773700,0.01500000,-0.04273700,0.03149310,0.13359149,0.12133606,0.05780500
10693,20010430,HRC,0.05480500,-0.00300000,0.05780500,-0.00568378,0.04443504,0.05935954,-0.01898200
10693,20010501,HRC,-0.00498200,0.01400000,-0.01898200,0.00229616,-0.02407428,0.04335011,-0.03461900
10693,20010502,HRC,-0.03361900,0.00100000,-0.03461900,-0.05601617,-0.04385720,0.09504573,-0.00350500
10693,20010503,HRC,-0.01850500,-0.01500000,-0.00350500,-0.04413818,-0.00774141,0.05711506,-0.00645900
10693,20010504,HRC,0.00754100,0.01400000,-0.00645900,0.00098611,-0.05232795,0.07475080,0.01098200
10693,20010507,HRC,0.00898200,-0.00200000,0.01098200,-0.05896834,-0.09379119,-0.05818949,-0.06254000
10693,20010508,HRC,-0.06454000,-0.00200000,-0.06254000,-0.07360716,-0.08260456,-0.10713602,-0.02296300
10693,20010509,HRC,-0.02696300,-0.00400000,-0.02296300,-0.10380064,-0.10093190,-0.14180671,-0.02200500
10693,20010510,HRC,-0.02200500,-0.00000000,-0.02200500,-0.04433659,-0.09336543,-0.10126402,-0.00033300
10693,20010511,HRC,-0.00833300,-0.00800000,-0.00033300,-0.05773012,-0.13589809,-0.18213785,-0.03661300
10693,20010514,HRC,-0.03361300,0.00300000,-0.03661300,-0.03664196,-0.07902117,-0.16422400,0.00000000
10693,20010515,HRC,0.00000000,0.00000000,0.00000000,-0.01427680,-0.03668961,-0.11781292,0.02417400
10693,20010516,HRC,0.05217400,0.02800000,0.02417400,0.05065505,0.01076352,-0.09380569,0.02509900
10693,20010517,HRC,0.02809900,0.00300000,0.02509900,0.00930068,-0.02887633,-0.12256676,-0.03837000
10693,20010518,HRC,-0.03537000,0.00300000,-0.03837000,-0.02706459,-0.00376831,-0.14600621,-0.01266700
10693,20010521,HRC,0.00333300,0.01600000,-0.01266700,-0.05698805,-0.01018113,-0.09206529,-0.00613600
10693,20010522,HRC,-0.00913600,-0.00300000,-0.00613600,-0.00341140,-0.01761058,-0.05415652,0.01516200
10693,20010523,HRC,-0.00083800,-0.01600000,0.01516200,0.05919841,0.00691163,0.01795801,0.05069100
10693,20010524,HRC,0.05369100,0.00300000,0.05069100,0.10619902,0.08726159,0.05947264,0.03907000
10693,20010525,HRC,0.02707000,-0.01200000,0.03907000,0.07904363,0.08708907,0.08754423,-0.01060500
10693,20010529,HRC,-0.01860500,-0.00800000,-0.01060500,0.02045757,0.08505038,0.07853978,-0.00690700
10693,20010530,HRC,-0.02290700,-0.01600000,-0.00690700,0.00251032,0.09232331,0.07381282,0.02067700
10693,20010531,HRC,0.02667700,0.00600000,0.02067700,0.01798366,0.04582130,0.05299577,0.00466100
10693,20010601,HRC,0.00866100,0.00400000,0.00466100,0.07384960,0.05334210,0.14380523,0.04652200
10693,20010604,HRC,0.05152200,0.00500000,0.04652200,0.04400421,0.05769147,0.14878056,-0.00780300
10693,20010605,HRC,0.00519700,0.01300000,-0.00780300,0.08212708,0.11076877,0.20134681,0.04128100
10693,20010606,HRC,0.03028100,-0.01100000,0.04128100,0.02134562,0.07460350,0.17328087,-0.01216800
10693,20010607,HRC,-0.00716800,0.00500000,-0.01216800,0.03124963,0.07136842,0.11873817,0.00250200
10693,20010608,HRC,-0.00649800,-0.00900000,0.00250200,0.01344742,0.04729919,0.10218826,0.02326200
10693,20010611,HRC,0.01526200,-0.00800000,0.02326200,-0.02376579,0.00417933,0.06089767,-0.04896000
10693,20010612,HRC,-0.04796000,0.00100000,-0.04896000,0.00630282,-0.00318573,0.10474992,0.03355600
10693,20010613,HRC,0.02255600,-0.01100000,0.03355600,0.01279832,0.03778982,0.11251124,0.02976500
10693,20010614,HRC,0.01176500,-0.01800000,0.02976500,0.11636498,0.08694224,0.16187304,0.05151200
10693,20010615,HRC,0.04651200,-0.00500000,0.05151200,0.11014891,0.09121456,0.14012470,0.02722200
10693,20010618,HRC,0.02222200,-0.00500000,0.02722200,0.09639423,0.16267243,0.16381975,0.01534200
10693,20010619,HRC,0.01834200,0.00300000,0.01534200,0.04303213,0.12786711,0.12152462,-0.00032800
10693,20010620,HRC,0.00867200,0.00900000,-0.00032800,-0.00074206,0.08079558,0.11854991,-0.01563000
10693,20010621,HRC,-0.00463000,0.01100000,-0.01563000,-0.02426139,0.01820054,0.10676147,-0.00827600
10693,20010622,HRC,-0.01727600,-0.00900000,-0.00827600,-0.02168412,-0.00718948,0.08435670,0.00194300
10693,20010625,HRC,-0.00405700,-0.00600000,0.00194300,-0.01830069,-0.03419879,0.12459056,-0.01225700
10693,20010626,HRC,-0.01425700,-0.00200000,-0.01225700,0.02579348,0.00181067,0.12846446,0.03668000
10693,20010627,HRC,0.03168000,-0.00500000,0.03668000,0.04055797,0.03334757,0.11645394,0.01603700
10693,20010628,HRC,0.02803700,0.01200000,0.01603700,0.09392834,0.08188444,0.10226429,0.03801300
10693,20010629,HRC,0.03701300,-0.00100000,0.03801300,0.02029074,0.04510191,0.03784263,-0.03316800
10693,20010702,HRC,-0.02316800,0.01000000,-0.03316800,0.04172937,0.09829773,0.06053930,0.03725600
10693,20010703,HRC,0.03525600,-0.00200000,0.03725600,0.02164872,0.07795241,0.07905353,0.01819200
10693,20010705,HRC,0.00619200,-0.01200000,0.01819200,0.07062813,0.07539639,0.10956370,0.01561500
10693,20010706,HRC,-0.00738500,-0.02300000,0.01561500,0.04282738,0.04650923,0.13044937,0.00911900
10693,20010709,HRC,0.01611900,0.00700000,0.00911900,0.03424196,0.08964536,0.13808034,0.00972900
10693,20010710,HRC,-0.00427100,-0.01400000,0.00972900,0.04838808,0.08154246,0.18481300,0.02918600
10693,20010711,HRC,0.02818600,-0.00100000,0.02918600,0.03161310,0.05687585,0.13905410,-0.00791000
10693,20010712,HRC,0.01609000,0.02400000,-0.00791000,0.03399762,0.05382489,0.13341705,0.01159500
10693,20010713,HRC,0.01759500,0.00600000,0.01159500,-0.02656084,0.01231731,0.05931533,-0.02934600
10693,20010716,HRC,-0.04034600,-0.01100000,-0.02934600,-0.03186370,-0.01142927,0.08019612,-0.01360400
10693,20010717,HRC,-0.00360400,0.01000000,-0.01360400,-0.01883378,-0.01567660,0.06711569,0.02468600
10693,20010718,HRC,0.01868600,-0.00600000,0.02468600,0.00505103,-0.01364568,0.04283409,-0.00600000
10693,20010719,HRC,0.00000000,0.00600000,-0.00600000,0.00303618,-0.03966183,0.01094030,-0.01534300
10693,20010720,HRC,-0.01834300,-0.00300000,-0.01534300,-0.00113564,0.00977732,0.02213667,0.02021900
10693,20010723,HRC,0.00421900,-0.01600000,0.02021900,-0.00677148,0.01117529,0.00032730,-0.01161100
10693,20010724,HRC,-0.02761100,-0.01600000,-0.01161100,-0.00363976,-0.02455142,-0.04019477,-0.01229600
10693,20010725,HRC,0.00370400,0.01600000,-0.01229600,-0.00734049,-0.00243928,-0.01593530,0.01706000
10693,20010726,HRC,0.02706000,0.01000000,0.01706000,0.00265190,0.01105739,-0.02891321,-0.00200000
10693,20010727,HRC,0.00000000,0.00200000,-0.00200000,0.00006181,-0.02395455,-0.01408651,-0.01456900
10693,20010730,HRC,-0.01556900,-0.00100000,-0.01456900,0.01694797,0.02220820,0.03323408,0.03414600
10693,20010731,HRC,0.04014600,0.00600000,0.03414600,0.05565644,0.07233814,0.04452823,0.03576600
10693,20010801,HRC,0.03976600,0.00400000,0.03576600,0.06257863,0.04480439,0.04179810,-0.00849900
10693,20010802,HRC,-0.00449900,0.00400000,-0.00849900,0.01573814,0.03512945,0.04650804,-0.01081900
10693,20010803,HRC,-0.01581900,-0.00500000,-0.01081900,-0.01554993,0.05380857,0.02919389,0.00353700
10693,20010806,HRC,-0.00746300,-0.01100000,0.00353700,-0.03220467,-0.00661428,0.01511362,-0.02555600
10693,20010807,HRC,-0.02255600,0.00300000,-0.02555600,-0.04341582,-0.06128492,0.00345137,-0.02264500
10693,20010808,HRC,-0.03964500,-0.01700000,-0.02264500,-0.07270375,-0.07813717,-0.03934558,-0.02711000
10693,20010809,HRC,-0.02711000,-0.00000000,-0.02711000,0.01997770,-0.00219412,0.03217166,0.07379700
10693,20010810,HRC,0.07979700,0.00600000,0.07379700,0.06323384,0.01177031,0.06580308,0.01776800
10693,20010813,HRC,0.01876800,0.00100000,0.01776800,0.07555194,0.02176450,0.01498876,-0.01557400
10693,20010814,HRC,-0.01957400,-0.00400000,-0.01557400,-0.00409327,0.03977915,-0.02472579,-0.00591800
10693,20010815,HRC,-0.01291800,-0.00700000,-0.00591800,-0.01387143,0.07705216,-0.00931721,0.00770800
10693,20010816,HRC,0.01070800,0.00300000,0.00770800,0.02799927,0.02975862,0.02698486,0.02641700
10693,20010817,HRC,0.00941700,-0.01700000,0.02641700,0.03233820,0.01015963,0.02177606,-0.00216900
10693,20010820,HRC,0.00583100,0.00800000,-0.00216900,0.05987221,0.06136910,0.08306234,0.03518800
10693,20010821,HRC,0.02318800,-0.01200000,0.03518800,0.02219732,0.05702170,0.09839244,-0.01096600
10693,20010822,HRC,-0.00396600,0.00700000,-0.01096600,0.01618413,0.04067358,0.11949683,-0.00780800
10693,20010823,HRC,-0.01080800,-0.00300000,-0.00780800,-0.03595699,-0.00295512,0.02737729,-0.01712500
10693,20010824,HRC,0.00287500,0.02000000,-0.01712500,-0.00503013,0.01937482,0.02946879,0.01990800
10693,20010827,HRC,0.01490800,-0.00500000,0.01990800,0.03425022,0.01504168,0.07718265,0.03081900
10693,20010828,HRC,0.01581900,-0.01500000,0.03081900,0.07772373,0.05296538,0.11159858,0.02657300
10693,20010829,HRC,0.01557300,-0.01100000,0.02657300,0.05087073,0.05457930,0.09539376,-0.00545300
10693,20010830,HRC,-0.02245300,-0.01700000,-0.00545300,0.02948647,0.08006972,0.07859666,0.00888500
10693,20010831,HRC,0.01288500,0.00400000,0.00888500,0.01076920,0.06777543,0.08815239,0.00763700
10693,20010904,HRC,0.00663700,-0.00100000,0.00763700,0.02321621,0.04367274,0.05914171,0.00649400
10693,20010905,HRC,0.00549400,-0.00100000,0.00649400,0.00680804,0.00987475,0.06127771,-0.00696200
10693,20010906,HRC,-0.02896200,-0.02200000,-0.00696200,0.00252955,0.01850059,0.07145869,0.00324300
10693,20010907,HRC,-0.01575700,-0.01900000,0.00324300,-0.02910914,-0.01579026,0.06075705,-0.02658300
10693,20010910,HRC,-0.02058300,0.00600000,-0.02658300,-0.01281058,-0.01311713,0.04865989,0.00930400
10693,20010917,HRC,-0.03969600,-0.04900000,0.00930400,-0.04187457,-0.04352128,-0.00444998,-0.02743500
10693,20010918,HRC,-0.03343500,-0.00600000,-0.02743500,-0.04867432,-0.06822376,-0.05732822,-0.03431400
10693,20010919,HRC,-0.05031400,-0.01600000,-0.03431400,-0.03652894,-0.04968040,-0.03190312,0.02371500
10693,20010920,HRC,-0.00728500,-0.03100000,0.02371500,-0.03286351,-0.04649665,-0.05801536,-0.02369500
10693,20010921,HRC,-0.04269500,-0.01900000,-0.02369500,-0.01878803,-0.07666666,-0.08196637,-0.01948800
10693,20010924,HRC,0.01951200,0.03900000,-0.01948800,-0.02843233,-0.03783859,-0.07555339,0.01560700
10693,20010925,HRC,0.02460700,0.00900000,0.01560700,0.03981724,0.03757050,-0.03572307,0.04169100
10693,20010926,HRC,0.03669100,-0.00500000,0.04169100,0.08889783,0.04283876,-0.01468121,0.02825400
10693,20010927,HRC,0.03925400,0.01100000,0.02825400,0.05664747,0.05531672,-0.00377387,-0.01518900
10693,20010928,HRC,0.00681100,0.02200000,-0.01518900,0.00293039,0.06317430,-0.02318465,-0.00968500
10693,20011001,HRC,-0.01168500,-0.00200000,-0.00968500,-0.01052359,0.06240221,0.01954176,0.01475800
10693,20011002,HRC,0.02675800,0.01200000,0.01475800,-0.02156570,-0.00907954,0.03064671,-0.02606100
10693,20011003,HRC,-0.00606100,0.02000000,-0.02606100,-0.05320022,-0.07859791,-0.03966809,-0.04068300
10693,20011004,HRC,-0.04268300,-0.00200000,-0.04068300,-0.10181466,-0.09843752,-0.05455395,-0.03703200
10693,20011005,HRC,-0.03503200,0.00200000,-0.03703200,-0.08894719,-0.10238520,-0.04777368,-0.01444200
10693,20011008,HRC,-0.02244200,-0.00800000,-0.01444200,-0.01767596,-0.08253429,-0.02802321,0.03471000
10693,20011009,HRC,0.02971000,-0.00500000,0.03471000,-0.00512059,-0.08168850,-0.09537718,-0.02496700
10693,20011010,HRC,-0.00196700,0.02300000,-0.02496700,-0.00479352,-0.05687344,-0.13600387,-0.01434300
10693,20011011,HRC,0.00065700,0.01500000,-0.01434300,-0.07839890,-0.05870659,-0.15508192,-0.03899200
10693,20011012,HRC,-0.04399200,-0.00500000,-0.03899200,-0.01053358,-0.00094813,-0.10591400,0.04458200
10693,20011015,HRC,0.04258200,-0.00200000,0.04458200,-0.01637604,-0.05600935,-0.13746195,-0.02017500
10693,20011016,HRC,-0.01317500,0.00700000,-0.02017500,0.00655416,-0.04626713,-0.12427347,-0.01638000
10693,20011017,HRC,-0.03538000,-0.01900000,-0.01638000,-0.02475925,-0.02104547,-0.07575981,0.01146000
10693,20011018,HRC,0.00346000,-0.00800000,0.01146000,-0.00071449,0.02260041,-0.03598208,0.00465500
10693,20011019,HRC,0.00965500,0.00500000,0.00465500,0.01230678,-0.02466929,-0.02623340,-0.00407100
10693,20011022,HRC,0.01092900,0.01500000,-0.00407100,-0.02463023,-0.02911316,-0.08391953,-0.02473000
10693,20011023,HRC,-0.02973000,-0.00500000,-0.02473000,-0.03724810,-0.02138870,-0.06689091,-0.00835700
10693,20011024,HRC,-0.00835700,0.00000000,-0.00835700,-0.12717359,-0.12918473,-0.14465240,-0.09756700
10693,20011025,HRC,-0.08356700,0.01400000,-0.09756700,-0.14688580,-0.17365196,-0.15136925,-0.04537900
10693,20011026,HRC,-0.04137900,0.00400000,-0.04537900,-0.07297561,-0.10284346,-0.12465844,0.07196200
10693,20011029,HRC,0.04796200,-0.02400000,0.07196200,0.04824938,-0.05751039,-0.08356585,0.02386500
10693,20011030,HRC,0.00686500,-0.01700000,0.02386500,0.08136014,-0.06240386,-0.08238790,-0.01363600
10693,20011031,HRC,-0.01363600,-0.00000000,-0.01363600,-0.00255713,0.02226402,-0.10726106,-0.01301500
10693,20011101,HRC,0.00998500,0.02300000,-0.01301500,-0.02682574,0.06993896,-0.11118284,0.00004200
10693,20011102,HRC,0.00304200,0.00300000,0.00004200,-0.01969577,-0.00901531,-0.11316867,-0.00641800
10693,20011105,HRC,0.00758200,0.01400000,-0.00641800,-0.03229684,-0.05982687,-0.11572741,-0.02553400
10693,20011106,HRC,-0.01053400,0.01500000,-0.02553400,-0.09738783,-0.11201104,-0.16811805,-0.06544100
10693,20011107,HRC,-0.06844100,-0.00300000,-0.06544100,-0.09975710,-0.10730370,-0.08516613,-0.01016300
10693,20011108,HRC,-0.00816300,0.00200000,-0.01016300,-0.07323518,-0.10528707,-0.03895696,0.00211500
10693,20011109,HRC,0.00411500,0.00200000,0.00211500,0.01677978,-0.07492239,-0.08509247,0.02495100
10693,20011112,HRC,0.02295100,-0.00200000,0.02495100,-0.02887290,-0.10314198,-0.16365346,-0.05505800
10693,20011113,HRC,-0.03605800,0.01900000,-0.05505800,-0.03620920,-0.04430053,-0.15627647,-0.00532500
10693,20011114,HRC,-0.00332500,0.00200000,-0.00532500,-0.06052097,-0.03440109,-0.14145535,-0.00016600
10693,20011115,HRC,0.00083400,0.00100000,-0.00016600,0.01746334,-0.01367644,-0.11972214,0.02300000
10693,20011116,HRC,0.02000000,-0.00300000,0.02300000,0.04940717,-0.01337504,-0.08974505,0.02576500
10693,20011119,HRC,0.03676500,0.01100000,0.02576500,0.18158879,0.17563515,0.05713022,0.12520300
10693,20011120,HRC,0.11820300,-0.00700000,0.12520300,0.18573679,0.21243809,0.16376587,0.02684600
10693,20011121,HRC,0.02184600,-0.00500000,0.02684600,0.15062071,0.20880930,0.17155993,-0.00510300
10693,20011123,HRC,0.00689700,0.01200000,-0.00510300,-0.00382005,0.15297934,0.13957256,-0.02517800
10693,20011126,HRC,-0.01917800,0.00600000,-0.02517800,-0.02542772,0.12723401,0.11601531,0.00490500
10693,20011127,HRC,-0.00209500,-0.00700000,0.00490500,-0.01385297,0.00728287,0.18208023,0.00610400
10693,20011128,HRC,-0.01189600,-0.01800000,0.00610400,0.00744169,-0.02267494,0.18558483,-0.00362600
10693,20011129,HRC,0.00637400,0.01000000,-0.00362600,0.03926306,0.01842379,0.22909417,0.03689000
10693,20011130,HRC,0.03589000,-0.00100000,0.03689000,0.04086681,0.05121404,0.20922817,0.00732100
10693,20011203,HRC,-0.00067900,-0.00800000,0.00732100,0.02214651,0.02461476,0.15440254,-0.02183800
10693,20011204,HRC,-0.00883800,0.01300000,-0.02183800,-0.02156915,0.01192176,0.01940972,-0.00691100
10693,20011205,HRC,0.01508900,0.02200000,-0.00691100,-0.03014122,0.01439849,-0.00908364,-0.00105400
10693,20011206,HRC,-0.00405400,-0.00300000,-0.00105400,-0.01969849,-0.03407349,-0.01563994,-0.01167400
10693,20011207,HRC,-0.01967400,-0.00800000,-0.01167400,-0.01779356,-0.04628898,0.00405052,-0.00545300
10693,20011210,HRC,-0.02145300,-0.01600000,-0.00545300,-0.00372840,-0.01151607,0.01265887,0.01360800
10693,20011211,HRC,0.01060800,-0.00300000,0.01360800,-0.01911046,-0.03109059,-0.02102041,-0.02729200
10693,20011212,HRC,-0.02729200,0.00000000,-0.02729200,0.02319505,0.00573694,0.01973931,0.03758300
10693,20011213,HRC,0.02158300,-0.01600000,0.03758300,0.00255145,0.01029975,-0.02288074,-0.00722500
10693,20011214,HRC,-0.00422500,0.00300000,-0.00722500,0.00893484,-0.00514595,-0.05094997,-0.02131500
10693,20011217,HRC,-0.01131500,0.01000000,-0.02131500,-0.03733041,-0.02718838,-0.03821890,-0.00871500
10693,20011218,HRC,-0.00071500,0.00800000,-0.00871500,-0.03479572,-0.00434855,-0.03551125,-0.00456800
10693,20011219,HRC,0.00143200,0.00600000,-0.00456800,-0.01022733,-0.03876039,-0.03149423,0.00299600
10693,20011220,HRC,-0.00500400,-0.00800000,0.00299600,-0.00122841,-0.03137407,-0.02019466,0.00031000
10693,20011221,HRC,0.00431000,0.00400000,0.00031000,0.01046444,-0.00280647,-0.00797192,0.00715300
10693,20011224,HRC,0.00715300,-0.00000000,0.00715300,0.00132250,-0.00022574,-0.02757088,-0.00613100
10693,20011226,HRC,-0.00213100,0.00400000,-0.00613100,0.00971531,0.01306145,0.00876727,0.00865800
10693,20011227,HRC,0.01565800,0.00700000,0.00865800,0.02642094,0.03432392,-0.00581548,0.02362900
10693,20011228,HRC,0.02662900,0.00300000,0.02362900,0.05589265,0.05717826,0.02506602,0.02260400
10693,20011231,HRC,0.01160400,-0.01100000,0.02260400,0.04622912,0.04931354,0.04683476,-0.00060200
10693,20020102,HRC,0.00539800,0.00600000,-0.00060200,0.00976296,0.04298992,0.04300718,-0.01235600
10693,20020103,HRC,-0.00335600,0.00900000,-0.01235600,-0.05623239,-0.01084002,0.00217353,-0.04303700
10693,20020104,HRC,-0.03703700,0.00600000,-0.04303700,-0.08278936,-0.06187320,-0.03066176,-0.02896500
10693,20020107,HRC,-0.03496500,-0.00600000,-0.02896500,-0.06330435,-0.07640994,-0.02319622,0.00762300
10693,20020108,HRC,0.00362300,-0.00400000,0.00762300,-0.03752188,-0.09050786,-0.04647003,-0.01666100
10693,20020109,HRC,-0.02166100,-0.00500000,-0.01666100,-0.03186644,-0.09971973,-0.06275266,-0.02314000
10693,20020110,HRC,-0.02214000,0.00100000,-0.02314000,-0.02024427,-0.04082113,-0.05149961,0.01956600
10693,20020111,HRC,0.01056600,-0.00900000,0.01956600,0.02207884,0.01266995,-0.04852670,0.02616400
10693,20020114,HRC,0.02016400,-0.00600000,0.02616400,0.01257887,-0.02696603,-0.10069227,-0.03262200
10693,20020115,HRC,-0.02562200,0.00700000,-0.03262200,0.00086704,-0.00288500,-0.09105470,0.00773500
10693,20020116,HRC,-0.00826500,-0.01600000,0.00773500,-0.01177805,0.03378312,-0.06816442,0.01348500
10693,20020117,HRC,0.02348500,0.01000000,0.01348500,0.02661644,0.01963640,-0.02181565,0.00555900
10693,20020118,HRC,-0.00444100,-0.01000000,0.00555900,-0.06562793,-0.08780677,-0.07445054,-0.08296300
10693,20020122,HRC,-0.08996300,-0.00700000,-0.08296300,-0.09530186,-0.07574010,-0.09934401,-0.01943800
10693,20020123,HRC,-0.01143800,0.00800000,-0.01943800,-0.10531974,-0.08818063,-0.08880186,-0.00400000
10693,20020124,HRC,0.00000000,0.00400000,-0.00400000,-0.03101843,-0.10618242,-0.07462156,-0.00761200
10693,20020125,HRC,-0.00661200,0.00100000,-0.00761200,-0.03806197,-0.13606462,-0.11692098,-0.02662200
10693,20020128,HRC,-0.02662200,-0.00000000,-0.02662200,-0.01246673,-0.03513628,-0.11785626,0.02130800
10693,20020129,HRC,-0.00769200,-0.02900000,0.02130800,-0.01592950,-0.02723866,-0.09956099,-0.01113900
10693,20020130,HRC,0.00086100,0.01200000,-0.01113900,0.00260867,-0.03144675,-0.11686478,-0.00811500
10693,20020131,HRC,0.00688500,0.01500000,-0.00811500,-0.02946416,-0.03367051,-0.13512114,-0.01009400
10693,20020201,HRC,-0.01709400,-0.00700000,-0.01009400,-0.04465945,-0.03402548,-0.16098913,-0.02717400
10693,20020204,HRC,-0.05217400,-0.02500000,-0.02717400,-0.00105447,-0.01979704,-0.05358098,0.03794500
10693,20020205,HRC,0.03394500,-0.00400000,0.03794500,0.00603099,-0.01162013,-0.03765950,-0.00287300
10693,20020206,HRC,-0.00887300,-0.00600000,-0.00287300,0.03037749,-0.00777754,-0.03757223,-0.00416200
10693,20020207,HRC,-0.00716200,-0.00300000,-0.00416200,-0.01031991,-0.00116122,-0.03400079,-0.00327800
10693,20020208,HRC,0.01172200,0.01500000,-0.00327800,0.02043010,0.05659061,0.01815518,0.02788900
10693,20020211,HRC,0.04188900,0.01400000,0.02788900,0.03802551,0.03025340,0.00925590,0.01255400
10693,20020212,HRC,0.00855400,-0.00400000,0.01255400,0.05482223,0.04743879,0.03360694,0.01290100
10693,20020213,HRC,0.02290100,0.01000000,0.01290100,0.03625726,0.06320902,0.05187719,0.01029200
10693,20020214,HRC,0.00829200,-0.00200000,0.01029200,0.02431294,0.06627830,0.06349543,0.00113200
10693,20020215,HRC,-0.00986800,-0.01100000,0.00113200,0.01100215,0.03622613,0.09397316,-0.00010300
10693,20020219,HRC,-0.01910300,-0.01900000,-0.00010300,-0.00188333,0.02108114,0.05205437,-0.00299200
10693,20020220,HRC,0.01100800,0.01400000,-0.00299200,0.03945480,0.05046967,0.10032228,0.04280100
10693,20020221,HRC,0.02680100,-0.01600000,0.04280100,0.01033068,0.01104761,0.07379261,-0.02920700
10693,20020222,HRC,-0.02120700,0.00800000,-0.02920700,0.00367475,0.00057535,0.06718789,-0.00966700
10693,20020225,HRC,0.00833300,0.01800000,-0.00966700,-0.02288150,0.01762891,0.05490044,0.01652900
10693,20020226,HRC,0.01652900,-0.00000000,0.01652900,-0.00466687,0.00870005,0.03009692,-0.01138200
10693,20020227,HRC,-0.01138200,0.00000000,-0.01138200,-0.01270209,-0.05161348,-0.00083571,-0.01755900
10693,20020228,HRC,-0.02055900,-0.00300000,-0.01755900,-0.05326374,-0.04745615,-0.03536116,-0.02467900
10693,20020301,HRC,-0.00167900,0.02300000,-0.02467900,-0.08536166,-0.08063118,-0.08043507,-0.04339000
10693,20020304,HRC,-0.02439000,0.01900000,-0.04339000,-0.04437575,-0.07268446,-0.05750656,0.02424100
10693,20020305,HRC,0.01724100,-0.00700000,0.02424100,0.00407340,-0.03929105,-0.03090159,0.02398300
10693,20020306,HRC,0.03898300,0.01500000,0.02398300,0.03837780,-0.03135070,-0.08446737,-0.00986600
10693,20020307,HRC,-0.01386600,-0.00400000,-0.00986600,0.03807965,0.01802436,-0.03097677,0.02377700
10693,20020308,HRC,0.02977700,0.00600000,0.02377700,0.04314316,0.09484310,0.00925141,0.02912900
10693,20020311,HRC,0.03212900,0.00300000,0.02912900,0.04345599,0.05825590,-0.01810619,-0.00967300
10693,20020312,HRC,-0.01167300,-0.00200000,-0.00967300,0.08532171,0.10004424,0.06185326,0.06511800
10693,20020313,HRC,0.05511800,-0.01000000,0.06511800,0.09078891,0.14964264,0.12068109,0.03458200
10693,20020314,HRC,0.03358200,-0.00100000,0.03458200,0.08278793,0.10353527,0.12645194,-0.01822000
10693,20020315,HRC,-0.00722000,0.01100000,-0.01822000,0.00146851,0.05680482,0.15747435,-0.01427300
10693,20020318,HRC,-0.01527300,-0.00100000,-0.01427300,-0.04363240,0.05538205,0.11803013,-0.01138600
10693,20020319,HRC,-0.00738600,0.00400000,-0.01138600,0.00068787,0.01662573,0.11789648,0.02641700
10693,20020320,HRC,0.01041700,-0.01600000,0.02641700,0.02633635,-0.00629834,0.14239750,0.01125500
10693,20020321,HRC,0.01325500,0.00200000,0.01125500,0.04029732,0.01430576,0.11777828,0.00254600
10693,20020322,HRC,-0.00145400,-0.00400000,0.00254600,0.02434119,0.03917615,0.09644650,0.01063300
10693,20020325,HRC,-0.00436700,-0.01500000,0.01063300,0.01741344,0.05517614,0.11228322,0.00423400
10693,20020326,HRC,0.01023400,0.00600000,0.00423400,0.03324750,0.04737195,0.06453201,0.01815500
10693,20020327,HRC,0.02315500,0.00500000,0.01815500,0.03592422,0.04901200,0.04243381,0.01285100
10693,20020328,HRC,0.01485100,0.00200000,0.01285100,0.01425670,0.02934148,0.04358093,-0.01642200
10693,20020401,HRC,-0.01742200,-0.00100000,-0.01642200,-0.01320661,0.00876419,0.04814577,-0.00944000
10693,20020402,HRC,-0.01844000,-0.00900000,-0.00944000,-0.01913428,0.01084839,0.06561284,0.00638700
10693,20020403,HRC,-0.00361300,-0.01000000,0.00638700,0.01438197,0.01058213,0.05758756,0.01785400
10693,20020404,HRC,0.01885400,0.00100000,0.01785400,0.03799386,0.01139991,0.05982959,0.01367600
10693,20020405,HRC,0.01067600,-0.00300000,0.01367600,0.03408897,0.03026311,0.05984244,0.00222500
10693,20020408,HRC,0.00422500,0.00200000,0.00222500,0.04358613,0.06823687,0.07765064,0.02733700
10693,20020409,HRC,0.02033700,-0.00700000,0.02733700,0.02787230,0.06062350,0.07138269,-0.00206500
10693,20020410,HRC,0.00893500,0.01100000,-0.00206500,0.04471635,0.06101511,0.07098490,0.01923200
10693,20020411,HRC,-0.00476800,-0.02400000,0.01923200,0.00567041,0.03528360,0.04618538,-0.01179100
10693,20020412,HRC,-0.00479100,0.00700000,-0.01179100,0.00868207,0.03382940,0.06383460,0.00112200
10693,20020415,HRC,-0.00687800,-0.00800000,0.00112200,-0.00891490,0.00881779,0.07807781,0.00193100
10693,20020416,HRC,0.02493100,0.02300000,0.00193100,0.01816265,0.02571886,0.08772330,0.01483800
10693,20020417,HRC,0.01283800,-0.00200000,0.01483800,0.03477678,0.02358118,0.08668670,0.01701100
10693,20020418,HRC,0.01601100,-0.00100000,0.01701100,0.05538027,0.05942989,0.09658763,0.02263800
10693,20020419,HRC,0.02363800,0.00100000,0.02263800,0.05502839,0.07400232,0.10895665,0.01500000
10693,20020422,HRC,0.00000000,-0.01500000,0.01500000,0.02321380,0.05530195,0.06486832,-0.01388500
10693,20020423,HRC,-0.01988500,-0.00600000,-0.01388500,-0.00687409,0.03176784,0.05744349,-0.00805200
10693,20020424,HRC,-0.01505200,-0.00700000,-0.00805200,-0.00174509,0.03530438,0.05970611,0.02060500
10693,20020425,HRC,0.01860500,-0.00200000,0.02060500,0.01762536,0.01827642,0.07645329,0.00552000
10693,20020426,HRC,-0.00848000,-0.01400000,0.00552000,0.01185937,-0.00967152,0.06071622,-0.01368400
10693,20020429,HRC,-0.02368400,-0.01000000,-0.01368400,-0.00188083,0.01021108,0.06462809,0.00652000
10693,20020430,HRC,0.01752000,0.01100000,0.00652000,0.02233891,0.04875750,0.08052255,0.03007300
10693,20020501,HRC,0.03907300,0.00900000,0.03007300,-0.01805934,-0.02573165,0.00918374,-0.05217500
10693,20020502,HRC,-0.05417500,-0.00200000,-0.05217500,-0.01346856,-0.02082596,-0.00206878,0.01067400
10693,20020503,HRC,0.00067400,-0.01000000,0.01067400,-0.02278518,0.01194493,0.00180779,0.01900000
10693,20020506,HRC,0.00000000,-0.01900000,0.01900000,-0.01207640,-0.03530150,-0.02492948,-0.04144400
10693,20020507,HRC,-0.04444400,-0.00300000,-0.04144400,-0.07111472,-0.10949761,-0.06524731,-0.04998000
10693,20020508,HRC,-0.01198000,0.03800000,-0.04998000,-0.02676958,0.00326726,-0.02231137,0.06635500
10693,20020509,HRC,0.05135500,-0.01500000,0.06635500,0.02666413,0.00286446,-0.01767330,0.01021600
10693,20020510,HRC,-0.00678400,-0.01700000,0.01021600,0.04401876,-0.04800736,-0.03584306,-0.03197800
10693,20020513,HRC,-0.01297800,0.01900000,-0.03197800,-0.08648431,-0.07313576,-0.10564134,-0.06598300
10693,20020514,HRC,-0.04498300,0.02100000,-0.06598300,-0.07104228,0.00437844,-0.10573054,0.02773900
10693,20020515,HRC,0.02173900,-0.00600000,0.02773900,-0.04135536,-0.06236201,-0.05859716,-0.00203500
10693,20020516,HRC,0.00496500,0.00700000,-0.00203500,0.01639737,-0.08319644,-0.07901308,-0.00941100
10693,20020517,HRC,-0.00141100,0.00800000,-0.00941100,-0.02384557,-0.06243667,-0.10956698,-0.01244200
10693,20020520,HRC,-0.02544200,-0.01300000,-0.01244200,0.00263919,0.02814895,-0.04465573,0.02477800
10693,20020521,HRC,0.01377800,-0.01100000,0.02477800,-0.02086989,-0.03224581,-0.02806543,-0.03318200
10693,20020522,HRC,-0.02718200,0.00600000,-0.03318200,-0.01358586,-0.03504069,-0.09603237,-0.00485300
10693,20020523,HRC,0.00514700,0.01000000,-0.00485300,0.00471626,0.01654782,-0.06553172,0.04345600
10693,20020524,HRC,0.03145600,-0.01200000,0.04345600,0.04639571,0.03714057,-0.02598658,0.00758200
10693,20020528,HRC,-0.00141800,-0.00900000,0.00758200,0.03115648,-0.00674593,0.02100155,-0.01885800
10693,20020529,HRC,-0.02485800,-0.00600000,-0.01885800,0.02428434,0.06336597,0.02951752,0.03650300
10693,20020530,HRC,0.03350300,-0.00300000,0.03650300,0.01197121,0.06285949,0.02657296,-0.00481900
10693,20020531,HRC,-0.00281900,0.00200000,-0.00481900,0.05365702,0.04124770,0.05697892,0.02217300
10693,20020603,HRC,-0.00282700,-0.02500000,0.02217300,0.01811704,0.03466571,0.07135330,0.00070900
10693,20020604,HRC,0.00070900,0.00000000,0.00070900,0.03248008,0.06455665,0.05677241,0.00941400
10693,20020605,HRC,0.01841400,0.00900000,0.00941400,0.00267617,0.01987840,0.08195406,-0.00712100
10693,20020606,HRC,-0.02712100,-0.02000000,-0.00712100,0.00041015,0.02298827,0.08427707,-0.00157400
10693,20020607,HRC,-0.00357400,-0.00200000,-0.00157400,0.01276745,0.02295511,0.06379849,0.02210800
10693,20020610,HRC,0.02510800,0.00300000,0.02210800,0.05104823,0.05252028,0.08639839,0.03029600
10693,20020611,HRC,0.01329600,-0.01700000,0.03029600,0.02580114,0.01643530,0.07990095,-0.02633700
10693,20020612,HRC,-0.01933700,0.00700000,-0.02633700,0.01232064,0.03262566,0.05166568,0.00859200
10693,20020613,HRC,-0.00140800,-0.01000000,0.00859200,-0.02808491,0.02334865,0.04555264,-0.01069400
10693,20020614,HRC,-0.01269400,-0.00200000,-0.01069400,-0.02441836,-0.02037991,0.00246176,-0.02257100
10693,20020617,HRC,0.00642900,0.02900000,-0.02257100,-0.03502122,-0.05243698,0.00004954,-0.00171000
10693,20020618,HRC,-0.00071000,0.00100000,-0.00171000,-0.01466086,-0.01658486,0.00006442,0.00918800
10693,20020619,HRC,-0.00781200,-0.01700000,0.00918800,-0.02158104,-0.05377379,-0.02196470,-0.02923300
10693,20020620,HRC,-0.04223300,-0.01300000,-0.02923300,-0.03469242,-0.05808026,-0.03539336,-0.01588500
10693,20020621,HRC,-0.03288500,-0.01700000,-0.01588500,-0.08791722,-0.07986224,-0.09827870,-0.04727700
10693,20020624,HRC,-0.04327700,0.00400000,-0.04727700,-0.04489294,-0.06200213,-0.10964643,0.01700000
10693,20020625,HRC,0.00000000,-0.01700000,0.01700000,-0.02956627,-0.07063204,-0.08532113,0.00057700
10693,20020626,HRC,-0.00242300,-0.00300000,0.00057700,0.02977257,-0.03398106,-0.08501253,0.01196000
10693,20020627,HRC,0.02996000,0.01800000,0.01196000,0.01918760,-0.01227258,-0.06946319,0.00650300
10693,20020628,HRC,0.00550300,-0.00100000,0.00650300,-0.02396502,-0.00645757,-0.08360053,-0.04076700
10693,20020701,HRC,-0.06176700,-0.02100000,-0.04076700,-0.06518726,-0.05499138,-0.10860505,-0.03316700
10693,20020702,HRC,-0.05416700,-0.02100000,-0.03316700,-0.07287079,-0.05748876,-0.12008156,-0.00159500
10693,20020703,HRC,0.00440500,0.00600000,-0.00159500,0.01701805,-0.01930806,-0.05229820,0.05598200
10693,20020705,HRC,0.09298200,0.03700000,0.05598200,0.01775401,-0.05745488,-0.06891258,-0.03294400
10693,20020708,HRC,-0.04494400,-0.01200000,-0.03294400,-0.03841634,-0.07133317,-0.07549684,-0.05483200
10693,20020709,HRC,-0.07983200,-0.02500000,-0.05483200,-0.07180003,-0.02803749,-0.07908868,0.01116900
10693,20020710,HRC,-0.02283100,-0.03400000,0.01116900,-0.10810727,-0.09454080,-0.14313214,-0.07242100
10693,20020711,HRC,-0.06542100,0.00700000,-0.07242100,-0.07194863,-0.14492295,-0.15994483,-0.01400000
10693,20020712,HRC,-0.02000000,-0.00600000,-0.01400000,-0.09975810,-0.13225886,-0.17700448,-0.01640800
10693,20020715,HRC,-0.02040800,-0.00400000,-0.01640800,-0.01220337,-0.06901054,-0.13043344,0.01800000
10693,20020716,HRC,0.00000000,-0.01800000,0.01800000,-0.08700153,-0.16338795,-0.18164445,-0.09037500
10693,20020717,HRC,-0.08437500,0.00600000,-0.09037500,-0.08413535,-0.10962940,-0.18613388,-0.01509300
10693,20020718,HRC,-0.04209300,-0.02700000,-0.01509300,-0.08226692,-0.07915669,-0.19573117,0.01781000
10693,20020719,HRC,-0.02019000,-0.03800000,0.01781000,-0.04734428,-0.10876120,-0.20600304,-0.05306100
10693,20020722,HRC,-0.08606100,-0.03300000,-0.05306100,0.03191703,-0.06410782,-0.11734624,0.07341900
10693,20020723,HRC,0.04641900,-0.02700000,0.07341900,-0.06118884,-0.05490286,-0.19720000,-0.08108100
10693,20020724,HRC,-0.02408100,0.05700000,-0.08108100,-0.02494313,-0.05787866,-0.15299028,-0.01737700
10693,20020725,HRC,-0.02337700,-0.00600000,-0.01737700,-0.07739110,-0.05748170,-0.12797121,0.02289400
10693,20020726,HRC,0.03989400,0.01700000,0.02289400,0.13840952,0.13363161,-0.01422527,0.13142200
10693,20020729,HRC,0.18542200,0.05400000,0.13142200,0.22299635,0.10755172,0.01590580,0.04993700
10693,20020730,HRC,0.05393700,0.00400000,0.04993700,0.24194289,0.25072224,0.16031197,0.03913000
10693,20020731,HRC,0.04913000,0.01000000,0.03913000,0.10268056,0.28473682,0.19327671,0.01243900
10693,20020801,HRC,-0.01756100,-0.03000000,0.01243900,0.06023283,0.25820923,0.18652835,0.01009000
10693,20020802,HRC,-0.01291000,-0.02300000,0.01009000,0.05526268,0.14503220,0.30236195,0.03500600
10693,20020805,HRC,0.00100600,-0.03400000,0.03500600,0.02591785,0.07629654,0.19690432,-0.01995000
10693,20020806,HRC,0.01005000,0.03000000,-0.01995000,0.10785684,0.12698877,0.41018586,0.09044801
10693,20020807,HRC,0.11044800,0.02000000,0.09044801,0.10970501,0.15647618,0.50118053,0.03241200
10693,20020808,HRC,0.06541200,0.03300000,0.03241200,0.09237478,0.11041418,0.41212904,-0.03175400
10693,20020809,HRC,-0.02775400,0.00400000,-0.03175400,0.00837636,0.08267155,0.24597434,0.00932500
10693,20020812,HRC,0.00432500,-0.00500000,0.00932500,-0.03503381,0.08500028,0.16597808,-0.01331400
10693,20020813,HRC,-0.03531400,-0.02200000,-0.01331400,-0.02587522,-0.02810752,0.10268618,-0.02214300
10693,20020814,HRC,0.01785700,0.04000000,-0.02214300,-0.01209858,-0.03500330,0.11957101,0.02396500
10693,20020815,HRC,0.03596500,0.01200000,0.02396500,0.01391037,0.00901128,0.12333761,0.01131400
10693,20020816,HRC,0.00931400,-0.00200000,0.01131400,0.02718819,-0.00971584,0.07562718,-0.00889900
10693,20020819,HRC,0.01510100,0.02400000,-0.00889900,-0.01611162,-0.01498974,0.07344001,-0.01823100
10693,20020820,HRC,-0.03223100,-0.01400000,-0.01823100,-0.02782211,0.00735889,-0.02151773,-0.00019000
10693,20020821,HRC,0.01281000,0.01300000,-0.00019000,-0.00536226,-0.00285714,-0.03906754,0.01382500
10693,20020822,HRC,0.02782500,0.01400000,0.01382500,0.01523126,-0.01241489,-0.00367078,0.00167100
10693,20020823,HRC,-0.02132900,-0.02300000,0.00167100,0.01067183,-0.00816566,-0.01820110,-0.00464700
10693,20020826,HRC,0.00335300,0.00800000,-0.00464700,-0.42057747,-0.42440826,-0.45868528,-0.42543200
10693,20020827,HRC,-0.43943200,-0.01400000,-0.42543200,-0.55269549,-0.54109874,-0.55581780,-0.22939199
10693,20020828,HRC,-0.24739200,-0.01800000,-0.22939199,-0.49456803,-0.48841492,-0.50685531,0.12277200
10693,20020829,HRC,0.12277200,-0.00000000,0.12277200,-0.18122879,-0.52475888,-0.53729257,-0.05267400
10693,20020830,HRC,-0.05467400,-0.00200000,-0.05267400,0.12114266,-0.47126131,-0.47375799,0.05692500
10693,20020903,HRC,0.01492500,-0.04200000,0.05692500,0.00201429,-0.13163213,-0.48106566,-0.00145600
10693,20020904,HRC,0.01654400,0.01800000,-0.00145600,0.04409048,0.10762425,-0.47239503,-0.01112500
10693,20020905,HRC,-0.02712500,-0.01600000,-0.01112500,-0.04447685,-0.03925891,-0.49397785,-0.03187000
10693,20020906,HRC,-0.01487000,0.01700000,-0.03187000,-0.05594392,-0.00064010,-0.51754950,-0.01377400
10693,20020909,HRC,-0.00377400,0.01000000,-0.01377400,-0.10870985,-0.12069042,-0.54313849,-0.06381800
10693,20020910,HRC,-0.05681800,0.00700000,-0.06381800,-0.08310781,-0.12269325,-0.23509322,-0.00602400
10693,20020911,HRC,-0.00602400,-0.00000000,-0.00602400,-0.08599102,-0.12931879,-0.02922996,-0.01944400
10693,20020912,HRC,-0.04444400,-0.02500000,-0.01944400,-0.03615780,-0.10971256,-0.14160069,-0.01145700
10693,20020913,HRC,-0.00845700,0.00300000,-0.01145700,-0.10011535,-0.16189165,-0.16010613,-0.07349500
10693,20020916,HRC,-0.07249500,0.00100000,-0.07349500,-0.10231656,-0.12197541,-0.22744257,-0.02137900
10693,20020917,HRC,-0.04137900,-0.02000000,-0.02137900,-0.08908150,-0.11412417,-0.21926868,0.00260200
10693,20020918,HRC,-0.00239800,-0.00500000,0.00260200,-0.24469739,-0.30481328,-0.39079188,-0.23682699
10693,20020919,HRC,-0.26682699,-0.03000000,-0.23682699,-0.24285966,-0.30476324,-0.37376953,-0.01183600
10693,20020920,HRC,-0.00983600,0.00200000,-0.01183600,-0.18189090,-0.19194168,-0.30941672,0.08353600
10693,20020923,HRC,0.06953600,-0.01400000,0.08353600,0.24193807,-0.05004100,-0.15623314,0.16251101
10693,20020924,HRC,0.14551100,-0.01700000,0.16251101,0.35421290,0.01277294,-0.09946297,0.07500000
10693,20020925,HRC,0.10000000,0.02500000,0.07500000,0.28388642,0.37351091,-0.06804253,0.02131200
10693,20020926,HRC,0.03931200,0.01800000,0.02131200,0.06291309,0.33558072,-0.08227135,-0.02946600
10693,20020927,HRC,-0.06146600,-0.03200000,-0.02946600,0.04901306,0.30683436,0.04011527,0.06034000
10693,20020930,HRC,0.04534000,-0.01500000,0.06034000,0.01310833,0.11394291,0.04932272,-0.01590400
10693,20021001,HRC,0.02409600,0.04000000,-0.01590400,-0.05019240,-0.05895163,-0.04509178,-0.08894099
10693,20021002,HRC,-0.11294100,-0.02400000,-0.08894099,-0.09303092,-0.06355728,0.26936842,0.01365300
10693,20021003,HRC,0.00265300,-0.01100000,0.01365300,-0.07579280,-0.03759165,0.27511071,-0.00181000
10693,20021004,HRC,-0.02381000,-0.02200000,-0.00181000,0.04052542,-0.06434038,0.21285657,0.02984000
10693,20021007,HRC,0.01084000,-0.01900000,0.02984000,0.01633497,-0.05948210,0.03899145,-0.01163800
10693,20021008,HRC,0.00536200,0.01700000,-0.01163800,0.00487011,0.01596696,-0.04056202,-0.01300000
10693,20021009,HRC,-0.04000000,-0.02700000,-0.01300000,-0.12605103,-0.09636840,-0.14856858,-0.10444400
10693,20021010,HRC,-0.06944400,0.03500000,-0.10444400,-0.08632954,-0.06828906,-0.10271460,0.03562700
10693,20021011,HRC,0.07462700,0.03900000,0.03562700,-0.02733579,-0.05279852,-0.11640004,0.04855600
10693,20021014,HRC,0.05555600,0.00700000,0.04855600,0.08664208,-0.04717538,-0.10724457,-0.00489500
10693,20021015,HRC,0.04210500,0.04700000,-0.00489500,-0.02624738,-0.10379922,-0.08144994,-0.06438400
10693,20021016,HRC,-0.08838400,-0.02400000,-0.06438400,-0.01540592,0.07448626,-0.03928673,0.06110300
10693,20021017,HRC,0.08310300,0.02200000,0.06110300,0.00916922,0.05591521,-0.01769657,0.01957500
10693,20021018,HRC,0.02557500,0.00600000,0.01957500,0.17045625,0.08678269,0.03199727,0.07776301
10693,20021021,HRC,0.09476300,0.01700000,0.07776301,0.11858673,0.10687178,0.06524306,0.01783400
10693,20021022,HRC,0.00683400,-0.01100000,0.01783400,0.11682257,0.21350087,0.10600303,0.01788700
10693,20021023,HRC,0.02488700,0.00700000,0.01788700,0.09646490,0.20607163,0.31527746,0.05915000
10693,20021024,HRC,0.04415000,-0.01500000,0.05915000,0.03649148,0.13749871,0.20989103,-0.04025600
10693,20021025,HRC,-0.02325600,0.01700000,-0.04025600,-0.02463684,0.01032007,0.09780944,-0.04178400
10693,20021028,HRC,-0.04978400,-0.00800000,-0.04178400,-0.13931971,-0.07086715,0.02688351,-0.06389301
10693,20021029,HRC,-0.07289300,-0.00900000,-0.06389301,-0.09679929,-0.08072878,0.11105315,0.00719900
10693,20021030,HRC,0.01719900,0.01000000,0.00719900,-0.00401591,-0.08406197,0.10514758,0.05672500
10693,20021031,HRC,0.05072500,-0.00600000,0.05672500,0.09201520,-0.02320437,0.11127644,0.02437900
10693,20021101,HRC,0.04137900,0.01700000,0.02437900,0.15975912,0.09170511,0.10223064,0.06926300
10693,20021104,HRC,0.07726300,0.00800000,0.06926300,-0.09770541,-0.03740864,-0.10796456,-0.17398401
10693,20021105,HRC,-0.16598400,0.00800000,-0.17398401,-0.15103655,-0.07985971,-0.15665010,-0.03602700
10693,20021106,HRC,-0.02702700,0.00900000,-0.03602700,-0.15761417,-0.08072590,-0.15987075,0.05330300
10693,20021107,HRC,0.03030300,-0.02300000,0.05330300,-0.06782968,-0.17583704,-0.19544454,-0.08413701
10693,20021108,HRC,-0.09313700,-0.00900000,-0.08413701,-0.01353098,-0.20586018,-0.14042886,0.02100000
10693,20021111,HRC,0.00000000,-0.02100000,0.02100000,-0.10049892,-0.08444923,-0.12051326,-0.04043200
10693,20021112,HRC,-0.03243200,0.00800000,-0.04043200,0.01857372,-0.01606320,-0.09166737,0.03910600
10693,20021113,HRC,0.03910600,-0.00000000,0.03910600,0.02625937,-0.04161477,-0.11995134,0.02876300
10693,20021114,HRC,0.05376300,0.02500000,0.02876300,0.05264837,0.03107680,-0.15354400,-0.01620400
10693,20021115,HRC,-0.01020400,0.00600000,-0.01620400,0.02754857,0.02504912,-0.19283906,0.01515500
10693,20021118,HRC,0.00515500,-0.01000000,0.01515500,-0.00981354,0.05866314,-0.03426365,-0.00882100
10693,20021119,HRC,-0.01282100,-0.00400000,-0.00882100,0.00553450,0.01768956,-0.00002518,-0.00081800
10693,20021120,HRC,0.01818200,0.01900000,-0.00081800,0.01760792,0.01643864,-0.02715371,0.02746900
10693,20021121,HRC,0.04846900,0.02100000,0.02746900,0.07181233,0.07771709,0.11328319,0.04192900
10693,20021122,HRC,0.03892900,-0.00300000,0.04192900,0.00451852,-0.00546007,0.02020139,-0.06154800
10693,20021125,HRC,-0.05854800,0.00300000,-0.06154800,-0.00575544,0.02041901,0.08170983,0.01602500
10693,20021126,HRC,-0.00497500,-0.02100000,0.01602500,-0.04455992,0.02348223,0.04292139,0.00200000
10693,20021127,HRC,0.03000000,0.02800000,0.00200000,0.00904511,-0.01311642,0.00274210,-0.00913600
10693,20021129,HRC,-0.01213600,-0.00300000,-0.00913600,0.02213372,-0.02546738,0.05003106,0.02902700
10693,20021202,HRC,0.02702700,-0.00200000,0.02902700,-0.00192547,0.01612258,0.01123302,-0.02088500
10693,20021203,HRC,-0.03588500,-0.01500000,-0.02088500,-0.00219383,-0.00950057,0.01064020,-0.00940700
10693,20021204,HRC,-0.01240700,-0.00300000,-0.00940700,-0.01092989,0.00788634,0.03095879,0.01953800
10693,20021205,HRC,0.00753800,-0.01200000,0.01953800,0.02642385,0.03324163,0.02014100,0.01644400
10693,20021206,HRC,0.02244400,0.00600000,0.01644400,0.05055194,0.01907658,-0.00563687,0.01468300
10693,20021209,HRC,-0.00731700,-0.02200000,0.01468300,0.02978936,0.03961942,0.05556186,-0.00171500
10693,20021210,HRC,0.01228500,0.01400000,-0.00171500,0.03414586,0.07113352,0.06140406,0.02084500
10693,20021211,HRC,0.02184500,0.00100000,0.02084500,0.04064320,0.07268670,0.07859017,0.02062700
10693,20021212,HRC,0.01662700,-0.00400000,0.02062700,0.01353754,0.02657912,0.05921422,-0.02672000
10693,20021213,HRC,-0.03972000,-0.01300000,-0.02672000,-0.03752437,-0.01930210,0.00069751,-0.03129900
10693,20021216,HRC,-0.00729900,0.02400000,-0.03129900,-0.08437859,-0.04570744,-0.00712502,-0.02876500
10693,20021217,HRC,-0.03676500,-0.00800000,-0.02876500,-0.07072876,-0.07587186,-0.01014654,-0.01244500
10693,20021218,HRC,-0.02544500,-0.01300000,-0.01244500,-0.05460473,-0.10782069,-0.04372743,-0.01549900
10693,20021219,HRC,-0.02349900,-0.00800000,-0.01549900,-0.01727785,-0.07563800,-0.04904371,0.01106400
10693,20021220,HRC,0.02406400,0.01300000,0.01106400,0.00614865,-0.03488540,-0.05400039,0.01105500
10693,20021223,HRC,0.01305500,0.00200000,0.01105500,0.02748221,-0.00156964,-0.04669492,0.00500000
10693,20021224,HRC,0.00000000,-0.00500000,0.00500000,0.05822073,0.05335355,-0.02724802,0.04166000
10693,20021226,HRC,0.03866000,-0.00300000,0.04166000,0.05478547,0.07870877,-0.03805166,0.00855600
10693,20021227,HRC,-0.00744400,-0.01600000,0.00855600,0.05786165,0.07445636,-0.00496717,0.00750000
10693,20021230,HRC,0.01250000,0.00500000,0.00750000,0.05326378,0.10145120,0.06225467,0.03703700
10693,20021231,HRC,0.03703700,0.00000000,0.03703700,0.11933508,0.17480982,0.17098710,0.06938100
10693,20030102,HRC,0.10238100,0.03300000,0.06938100,0.07317336,0.09010889,0.14931784,-0.03239700
10693,20030103,HRC,-0.03239700,-0.00000000,-0.03239700,0.11094129,0.16399606,0.25890726,0.07175000
10693,20030106,HRC,0.09375000,0.02200000,0.07175000,-0.07532080,0.02573859,0.10527233,-0.10524500
10693,20030107,HRC,-0.11224500,-0.00700000,-0.10524500,-0.05197703,-0.02175352,0.08131832,-0.00898800
10693,20030108,HRC,-0.02298800,-0.01400000,-0.00898800,-0.11402671,-0.08444391,0.07747800,-0.00017600
10693,20030109,HRC,0.01882400,0.01900000,-0.00017600,-0.02542248,-0.06875635,0.01544565,-0.01616600
10693,20030110,HRC,-0.01616600,-0.00000000,-0.01616600,-0.01092126,-0.12323265,0.01249533,0.00569500
10693,20030113,HRC,0.00469500,-0.00100000,0.00569500,-0.03732604,-0.04653188,-0.02398912,-0.02702800
10693,20030114,HRC,-0.02102800,0.00600000,-0.02702800,-0.01674591,-0.03328060,-0.05564248,0.00445300
10693,20030115,HRC,-0.00954700,-0.01400000,0.00445300,0.00504152,-0.00543641,-0.08842697,0.02809600
10693,20030116,HRC,0.02409600,-0.00400000,0.02809600,0.02691824,0.00572926,-0.06146183,-0.00482400
10693,20030117,HRC,-0.01882400,-0.01400000,-0.00482400,0.02883711,0.00642116,-0.11251365,0.00640800
10693,20030121,HRC,-0.00959200,-0.01600000,0.00640800,0.01359545,0.04477941,-0.00076046,0.01242100
10693,20030122,HRC,0.00242100,-0.01000000,0.01242100,-0.00068829,0.02170441,-0.01096353,-0.01966200
10693,20030123,HRC,-0.00966200,0.01000000,-0.01966200,0.01214758,0.01330032,0.00793352,0.01924400
10693,20030124,HRC,-0.00975600,-0.02900000,0.01924400,-0.02540531,-0.00722903,-0.00169032,-0.02587200
10693,20030127,HRC,-0.04187200,-0.01600000,-0.02587200,-0.01666533,-0.02347853,-0.01644134,-0.01042900
10693,20030128,HRC,0.00257100,0.01300000,-0.01042900,-0.07519764,-0.07377841,-0.02881675,-0.04033300
10693,20030129,HRC,-0.03333300,0.00700000,-0.04033300,-0.00691122,-0.01321829,0.00760885,0.04422000
10693,20030130,HRC,0.02122000,-0.02300000,0.04422000,-0.01457767,-0.05008187,-0.03462993,-0.01819500
10693,20030131,HRC,-0.00519500,0.01300000,-0.01819500,0.04779079,-0.00434960,-0.01139235,0.02111000
10693,20030203,HRC,0.02611000,0.00500000,0.02111000,-0.01160431,-0.00810213,-0.03083807,-0.01399000
10693,20030204,HRC,-0.02799000,-0.01400000,-0.01399000,0.00097025,0.02683175,-0.04756075,-0.00547100
10693,20030205,HRC,-0.01047100,-0.00500000,-0.00547100,-0.04897488,-0.04734553,-0.05758175,-0.03103700
10693,20030206,HRC,-0.03703700,-0.00600000,-0.03103700,-0.04981989,-0.04336531,-0.08950104,-0.01472500
10693,20030207,HRC,-0.02472500,-0.01000000,-0.01472500,-0.05013319,-0.06730240,-0.07222734,-0.00518300
10693,20030210,HRC,0.00281700,0.00800000,-0.00518300,-0.02565061,-0.06022837,-0.06692553,-0.00604500
10693,20030211,HRC,-0.01404500,-0.00800000,-0.00604500,-0.02637335,-0.06908833,-0.04321245,-0.01549000
10693,20030212,HRC,-0.02849000,-0.01300000,-0.01549000,-0.04175220,-0.06027750,-0.10315691,-0.02146000
10693,20030213,HRC,-0.02346000,-0.00200000,-0.02146000,-0.09403028,-0.10423831,-0.14022803,-0.06003900
10693,20030214,HRC,-0.03903900,0.02100000,-0.06003900,-0.01779005,-0.03909315,-0.10383371,0.06850000
10693,20030218,HRC,0.08750000,0.01900000,0.06850000,-0.03311577,-0.06892758,-0.12462520,-0.03610300
10693,20030219,HRC,-0.04310300,-0.00700000,-0.03610300,0.01075213,-0.07059208,-0.13420349,-0.01702700
10693,20030220,HRC,-0.02702700,-0.01000000,-0.01702700,0.04150647,0.04800281,-0.01853770,0.10119700
10693,20030221,HRC,0.11419700,0.01300000,0.10119700,0.06623211,0.09724468,-0.01621680,-0.01247100
10693,20030224,HRC,-0.03047100,-0.01800000,-0.01247100,0.06308457,0.00660893,-0.03203734,-0.02128600
10693,20030225,HRC,-0.01428600,0.00700000,-0.02128600,0.05722160,0.14129896,0.06658530,0.09415901
10693,20030226,HRC,0.08115900,-0.01300000,0.09415901,0.01987726,0.10745146,0.03146233,-0.04953400
10693,20030227,HRC,-0.03753400,0.01200000,-0.04953400,0.03384157,-0.00098142,0.04658699,-0.00778600
10693,20030228,HRC,-0.00278600,0.00500000,-0.00778600,-0.07594854,-0.00849402,0.08822450,-0.01993300
10693,20030303,HRC,-0.02793300,-0.00800000,-0.01993300,-0.00150491,0.03941786,0.04556054,0.02649400
10693,20030304,HRC,0.01149400,-0.01500000,0.02649400,0.04662776,-0.01177195,0.12863967,0.04113600
10693,20030305,HRC,0.05113600,0.01000000,0.04113600,0.05145976,0.02267110,0.13073406,-0.01532400
10693,20030306,HRC,-0.02432400,-0.00900000,-0.01532400,0.04221929,0.04768625,0.04632237,0.01693100
10693,20030307,HRC,0.02493100,0.00800000,0.01693100,0.00542266,0.07228433,0.06364941,0.00437800
10693,20030310,HRC,-0.02162200,-0.02600000,0.00437800,0.02329196,0.04790304,0.08730037,0.00247500
10693,20030311,HRC,-0.00552500,-0.00800000,0.00247500,0.00560269,0.00664312,-0.00481773,-0.00122200
10693,20030312,HRC,0.00277800,0.00400000,-0.00122200,-0.03811788,-0.01661977,0.00620995,-0.03954000
10693,20030313,HRC,-0.00554000,0.03400000,-0.03954000,-0.07076720,-0.06181801,-0.01596252,-0.02985500
10693,20030314,HRC,-0.02785500,0.00200000,-0.02985500,0.02185262,0.02315388,0.10128550,0.09680501
10693,20030317,HRC,0.13180500,0.03500000,0.09680501,0.04791784,0.00518505,0.05708253,-0.01412700
10693,20030318,HRC,-0.01012700,0.00400000,-0.01412700,,,,
