PERMNO,date,TICKER,C2C,indexC2C,C2CindexAdj,C2CindexAdjFwd3Days,C2CindexAdjFwd5Days,C2CindexAdjFwd10Days,C2CindexAdjFwd1Day
61146,20110103,PAR,0.04728500,0.01100000,0.03628500,,,,-0.01237800
61146,20110104,PAR,-0.01337800,-0.00100000,-0.01237800,0.03224552,,,0.00855900
61146,20110105,PAR,0.01355900,0.00500000,0.00855900,0.02644047,,,0.03042800
61146,20110106,PAR,0.02842800,-0.00200000,0.03042800,0.01257506,0.03630171,,-0.02564200
61146,20110107,PAR,-0.02764200,-0.00200000,-0.02564200,0.00833614,0.00436064,,0.00434400
61146,20110110,PAR,0.00334400,-0.00100000,0.00434400,-0.01887598,0.01974557,,0.00266700
61146,20110111,PAR,0.00666700,0.00400000,0.00266700,-0.01871163,-0.01466750,,-0.02555600
61146,20110112,PAR,-0.01655600,0.00900000,-0.02555600,-0.03267636,-0.05350733,,-0.00978500
61146,20110113,PAR,-0.01178500,-0.00200000,-0.00978500,-0.04550431,-0.03882472,-0.00373920,-0.01042400
61146,20110114,PAR,-0.00342400,0.00700000,-0.01042400,-0.03966169,-0.06243838,-0.05820321,-0.01978700
61146,20110118,PAR,-0.01878700,0.00100000,-0.01978700,-0.02007364,-0.05456369,-0.03601619,0.01000000
61146,20110119,PAR,0.00000000,-0.01000000,0.01000000,-0.01733343,-0.03702355,-0.05136913,-0.00771100
61146,20110120,PAR,-0.00871100,-0.00100000,-0.00771100,0.01075416,-0.01936597,-0.07193396,0.00854500
61146,20110121,PAR,0.01054500,0.00200000,0.00854500,0.00693338,-0.00304244,-0.04172064,0.00617400
61146,20110124,PAR,0.01217400,0.00600000,0.00617400,0.04822720,0.05010435,-0.01431378,0.03264600
61146,20110125,PAR,0.03264600,0.00000000,0.03264600,0.04910631,0.04994351,-0.00770277,0.00931100
61146,20110126,PAR,0.01331100,0.00400000,0.00931100,0.03351088,0.04920103,0.00958585,-0.00856800
61146,20110127,PAR,-0.00656800,0.00200000,-0.00856800,0.01376382,0.05312899,0.03279644,0.01304100
61146,20110128,PAR,-0.00495900,-0.01800000,0.01304100,-0.00004631,0.04199702,0.03875268,-0.00467800
61146,20110131,PAR,0.00332200,0.00800000,-0.00467800,-0.01660130,-0.01605980,0.03392703,-0.02527800
61146,20110201,PAR,-0.00827800,0.01700000,-0.02527800,-0.03368876,-0.02865973,0.01981945,-0.00367800
61146,20110202,PAR,-0.00667800,-0.00300000,-0.00367800,-0.02094375,-0.01228294,0.03641997,0.00808400
61146,20110203,PAR,0.01008400,0.00200000,0.00808400,0.00134775,-0.02883842,0.02438032,-0.00300000
61146,20110204,PAR,0.00000000,0.00300000,-0.00300000,-0.03960795,-0.06818581,-0.02771045,-0.04427000
61146,20110207,PAR,-0.03827000,0.00600000,-0.04427000,-0.04300517,-0.03874728,-0.05487140,0.00465000
61146,20110208,PAR,0.00865000,0.00400000,0.00465000,-0.04193688,-0.03724622,-0.06539462,-0.00214600
61146,20110209,PAR,-0.00514600,-0.00300000,-0.00214600,-0.08503481,-0.12916265,-0.14072695,-0.08720700
61146,20110210,PAR,-0.08620700,0.00100000,-0.08720700,-0.12576903,-0.16213649,-0.19111067,-0.03996200
61146,20110211,PAR,-0.03396200,0.00600000,-0.03996200,-0.09524381,-0.09307953,-0.15794157,0.03313700
61146,20110214,PAR,0.03513700,0.00200000,0.03313700,0.06482445,-0.03041862,-0.06846862,0.07283200
61146,20110215,PAR,0.06983200,-0.00300000,0.07283200,0.06532505,-0.06720085,-0.10320088,-0.03951000
61146,20110216,PAR,-0.03351000,0.00600000,-0.03951000,0.03931203,0.03123290,-0.10343439,0.00794900
61146,20110217,PAR,0.01094900,0.00300000,0.00794900,-0.07805531,0.02318517,-0.14400919,-0.04712600
61146,20110218,PAR,-0.04512600,0.00200000,-0.04712600,-0.01857193,0.01129779,-0.08149475,0.02100000
61146,20110222,PAR,0.00000000,-0.02100000,0.02100000,-0.00034256,-0.03148428,-0.06054807,0.02679400
61146,20110223,PAR,0.02079400,-0.00600000,0.02679400,0.06376419,0.02298123,-0.04394323,0.01581500
61146,20110224,PAR,0.01481500,-0.00100000,0.01581500,0.02820683,0.00074751,0.03153991,-0.01465000
61146,20110225,PAR,-0.00365000,0.01100000,-0.01465000,-0.02345665,0.02448866,0.04822597,-0.02431500
61146,20110228,PAR,-0.01831500,0.00600000,-0.02431500,-0.01174236,0.03078095,0.04195115,0.02719400
61146,20110301,PAR,0.01119400,-0.01600000,0.02719400,0.01177902,0.01302263,-0.01913819,0.00907000
61146,20110302,PAR,0.01107000,0.00200000,0.00907000,0.04391262,0.00388041,0.02731763,0.00672300
61146,20110303,PAR,0.02372300,0.01700000,0.00672300,0.01208507,0.01479938,0.01533445,-0.00369500
61146,20110304,PAR,-0.01069500,-0.00700000,-0.00369500,0.00914739,0.04583773,0.07063281,0.00619800
61146,20110307,PAR,-0.00180200,-0.00800000,0.00619800,-0.04026718,-0.02575446,0.00478881,-0.04329600
61146,20110308,PAR,-0.03429600,0.00900000,-0.04329600,-0.06479247,-0.06272698,-0.05050590,-0.02890700
61146,20110309,PAR,-0.02990700,-0.00100000,-0.02890700,-0.05201641,-0.04892858,-0.04630953,0.01900000
61146,20110310,PAR,0.00000000,-0.01900000,0.01900000,-0.03359007,-0.06885873,-0.05537505,-0.02432200
61146,20110311,PAR,-0.01732200,0.00700000,-0.02432200,0.00264555,-0.06740451,-0.02429855,0.00794100
61146,20110314,PAR,0.00194100,-0.00600000,0.00794100,-0.03233679,-0.04119592,-0.06565002,-0.01639700
61146,20110315,PAR,-0.02739700,-0.01100000,-0.01639700,0.00029963,-0.00470975,-0.06421968,0.00894000
61146,20110316,PAR,-0.01006000,-0.01900000,0.00894000,-0.02391697,-0.03963969,-0.08480614,-0.01706500
61146,20110317,PAR,-0.00406500,0.01300000,-0.01706500,-0.01181207,-0.02006650,-0.08597872,-0.00400000
61146,20110318,PAR,0.00000000,0.00400000,-0.00400000,-0.04653524,-0.05243417,-0.11587360,-0.02520400
61146,20110321,PAR,-0.01020400,0.01500000,-0.02520400,-0.02722868,-0.03479974,-0.07387994,0.00193800
61146,20110322,PAR,-0.00206200,-0.00400000,0.00193800,-0.09152420,-0.11256416,-0.11156523,-0.06911600
61146,20110323,PAR,-0.06611600,0.00300000,-0.06911600,-0.08014442,-0.10882407,-0.14346090,-0.01342500
61146,20110324,PAR,-0.00442500,0.00900000,-0.01342500,-0.02746046,-0.05065842,-0.06926249,0.05922200
61146,20110325,PAR,0.06222200,0.00300000,0.05922200,0.01755706,-0.05126988,-0.10151333,-0.02628900
61146,20110328,PAR,-0.02928900,-0.00300000,-0.02628900,0.05523033,-0.03150006,-0.06614060,0.02317200
61146,20110329,PAR,0.03017200,0.00700000,0.02317200,-0.01937550,0.02550545,-0.09174000,-0.01536800
61146,20110330,PAR,-0.00836800,0.00700000,-0.01536800,-0.02926280,0.00132047,-0.10891856,-0.03597500
61146,20110331,PAR,-0.03797500,-0.00200000,-0.03597500,-0.04766789,-0.05168737,-0.10179066,0.00377200
61146,20110401,PAR,0.00877200,0.00500000,0.00377200,-0.01986833,-0.01277153,-0.06436415,0.01304300
61146,20110404,PAR,0.01304300,0.00000000,0.01304300,0.03447291,-0.01838001,-0.04996754,0.01716700
61146,20110405,PAR,0.01716700,-0.00000000,0.01716700,0.00669488,-0.02609404,-0.00173121,-0.02309700
61146,20110406,PAR,-0.02109700,0.00200000,-0.02309700,-0.00214251,0.01473992,0.01626351,0.00415500
61146,20110407,PAR,0.00215500,-0.00200000,0.00415500,0.00189386,0.03226356,-0.02043182,0.02120400
61146,20110408,PAR,0.01720400,-0.00400000,0.02120400,0.03052516,0.02415842,0.01158030,0.00511400
61146,20110411,PAR,0.00211400,-0.00300000,0.00511400,0.03213577,0.01282554,-0.00538729,0.00589000
61146,20110412,PAR,-0.00211000,-0.00800000,0.00589000,-0.00593736,0.01905687,-0.00699819,-0.01691300
61146,20110413,PAR,-0.01691300,0.00000000,-0.01691300,-0.00254860,0.02353383,0.03851811,0.00860200
61146,20110414,PAR,0.00860200,0.00000000,0.00860200,-0.00611350,0.00490604,0.03708175,0.00239700
61146,20110415,PAR,0.00639700,0.00400000,0.00239700,0.00489394,-0.00610889,0.01758259,-0.00594900
61146,20110418,PAR,-0.01694900,-0.01100000,-0.00594900,-0.01170619,-0.02005447,-0.00720054,-0.00815500
61146,20110419,PAR,-0.00215500,0.00600000,-0.00815500,-0.01521877,-0.00429579,0.01499763,-0.00104100
61146,20110420,PAR,0.01295900,0.01400000,-0.00104100,0.03300506,0.02894575,0.05315131,0.04190800
61146,20110421,PAR,0.04690800,0.00500000,0.04190800,0.05208266,0.03684956,0.04173598,0.01014700
61146,20110425,PAR,0.00814700,-0.00200000,0.01014700,0.03702328,0.02800237,0.02110515,-0.01506100
61146,20110426,PAR,-0.00606100,0.00900000,-0.01506100,-0.03746409,0.00221438,-0.01853552,-0.03242300
61146,20110427,PAR,-0.02642300,0.00600000,-0.03242300,-0.14032682,-0.09465650,-0.09986180,-0.09585800
61146,20110428,PAR,-0.09185800,0.00400000,-0.09585800,-0.15025524,-0.15556617,-0.13336470,-0.02728700
61146,20110429,PAR,-0.02528700,0.00200000,-0.02728700,-0.12716888,-0.17062544,-0.14138614,-0.00743400
61146,20110502,PAR,-0.00943400,-0.00200000,-0.00743400,-0.07745536,-0.19398155,-0.17748921,-0.04461900
61146,20110503,PAR,-0.04761900,-0.00300000,-0.04461900,-0.04228612,-0.15681583,-0.16003383,0.00950000
61146,20110504,PAR,0.00250000,-0.00700000,0.00950000,0.01412748,-0.02018679,-0.11159149,0.05139400
61146,20110505,PAR,0.04239400,-0.00900000,0.05139400,0.06450088,0.00985951,-0.14441756,0.00317700
61146,20110506,PAR,0.00717700,0.00400000,0.00317700,0.05243000,0.01480140,-0.15635365,-0.00262500
61146,20110509,PAR,0.00237500,0.00500000,-0.00262500,0.00922363,0.07161736,-0.13592727,0.00858800
61146,20110510,PAR,0.01658800,0.00800000,0.00858800,0.00760459,0.06299937,-0.10358139,0.00167600
61146,20110511,PAR,-0.00932400,-0.01100000,0.00167600,0.01706134,0.01777475,-0.00332740,0.00676500
61146,20110512,PAR,0.01176500,0.00500000,0.00676500,0.03032335,0.03677842,0.04636638,0.02195300
61146,20110513,PAR,0.01395300,-0.00800000,0.02195300,0.03019818,0.04051812,0.05533363,0.00141300
61146,20110516,PAR,-0.00458700,-0.00600000,0.00141300,0.00930037,0.01759132,0.08905726,-0.01382500
61146,20110517,PAR,-0.01382500,-0.00000000,-0.01382500,-0.02588180,0.00245568,0.06559553,-0.01367300
61146,20110518,PAR,-0.00467300,0.00900000,-0.01367300,-0.04558041,-0.02249421,-0.00542012,-0.01843200
61146,20110519,PAR,-0.01643200,0.00200000,-0.01843200,-0.02863062,-0.04049006,-0.00526784,0.00322700
61146,20110520,PAR,-0.00477300,-0.00800000,0.00322700,0.00385935,-0.02315287,0.01633793,0.01919400
61146,20110523,PAR,0.00719400,-0.01200000,0.01919400,0.01611074,-0.01560491,0.00184519,-0.00614300
61146,20110524,PAR,-0.00714300,-0.00100000,-0.00614300,0.01722063,0.00189779,0.00431869,0.00419400
61146,20110525,PAR,0.00719400,0.00300000,0.00419400,-0.02505330,-0.00268852,-0.02479862,-0.02304800
61146,20110526,PAR,-0.01904800,0.00400000,-0.02304800,-0.03022463,-0.01709359,-0.05675406,-0.01128100
61146,20110527,PAR,-0.00728100,0.00400000,-0.01128100,-0.04767535,-0.04971089,-0.07174961,-0.01344500
61146,20110531,PAR,-0.00244500,0.01100000,-0.01344500,0.00344826,-0.01543826,-0.03062535,0.02790200
61146,20110601,PAR,0.00490200,-0.02300000,0.02790200,0.02057571,-0.01371645,-0.01163558,0.00587800
61146,20110602,PAR,0.00487800,-0.00100000,0.00587800,0.01658041,-0.00749766,-0.01000929,-0.01669900
61146,20110603,PAR,-0.02669900,-0.01000000,-0.01669900,-0.02691100,-0.01260023,-0.02887340,-0.01643100
61146,20110606,PAR,-0.02743100,-0.01100000,-0.01643100,-0.02910153,0.00365536,-0.04390699,0.00356400
61146,20110607,PAR,0.00256400,-0.00100000,0.00356400,-0.01149058,-0.02202483,-0.03668031,0.00144200
61146,20110608,PAR,-0.00255800,-0.00400000,0.00144200,-0.00709762,-0.03929030,-0.05199828,-0.01212800
61146,20110609,PAR,-0.00512800,0.00700000,-0.01212800,-0.02729396,-0.03941842,-0.04569177,-0.01692800
61146,20110610,PAR,-0.03092800,-0.01400000,-0.01692800,-0.00671557,-0.00175067,-0.01413008,0.02293600
61146,20110613,PAR,0.02393600,0.00100000,0.02293600,-0.03074540,-0.04115240,-0.03577219,-0.03637700
61146,20110614,PAR,-0.02337700,0.01300000,-0.03637700,-0.02337133,-0.05123889,-0.07053740,-0.00959600
61146,20110615,PAR,-0.02659600,-0.01700000,-0.00959600,-0.02634254,-0.02086895,-0.05834581,0.01985800
61146,20110616,PAR,0.02185800,0.00200000,0.01985800,0.00675976,-0.00708455,-0.04613085,-0.00300000
61146,20110617,PAR,0.00000000,0.00300000,-0.00300000,0.03914944,-0.00836560,-0.01001911,0.02173800
61146,20110620,PAR,0.02673800,0.00500000,0.02173800,0.03235712,0.04210485,-0.00090023,0.01304200
61146,20110621,PAR,0.02604200,0.01300000,0.01304200,0.04954090,0.06767723,0.01140132,0.01361400
61146,20110622,PAR,0.00761400,-0.00600000,0.01361400,0.02734875,0.04687608,0.02406635,0.00048100
61146,20110623,PAR,-0.00251900,-0.00300000,0.00048100,0.02848786,0.06468344,0.05727735,0.01452500
61146,20110624,PAR,0.00252500,-0.01200000,0.01452500,-0.01153362,0.01484392,0.00643322,-0.02663200
61146,20110627,PAR,-0.01763200,0.00900000,-0.02663200,-0.03257852,-0.01854756,0.02270225,-0.02069200
61146,20110628,PAR,-0.00769200,0.01300000,-0.02069200,-0.07311465,-0.05769766,0.00609940,-0.02608800
61146,20110629,PAR,-0.01808800,0.00800000,-0.02608800,-0.04926333,-0.06093753,-0.01632835,-0.00210500
61146,20110630,PAR,0.00789500,0.01000000,-0.00210500,-0.02716489,-0.07531550,-0.01169547,0.00166600
61146,20110701,PAR,0.01566600,0.01400000,0.00166600,-0.03100989,-0.07804018,-0.06375200,-0.02984800
61146,20110705,PAR,-0.03084800,-0.00100000,-0.02984800,-0.02183100,-0.05041896,-0.06867043,0.00695800
61146,20110706,PAR,0.00795800,0.00100000,0.00695800,-0.02542216,-0.02648420,-0.08503145,-0.00210500
61146,20110707,PAR,0.00789500,0.01000000,-0.00210500,0.00402527,-0.02480183,-0.08595929,-0.00083300
61146,20110708,PAR,-0.00783300,-0.00700000,-0.00083300,-0.01119306,-0.03371877,-0.10721578,-0.00831600
61146,20110711,PAR,-0.02631600,-0.01800000,-0.00831600,0.00527571,0.01012435,-0.06684223,0.01481100
61146,20110712,PAR,0.01081100,-0.00400000,0.01481100,0.00583602,0.00296186,-0.04669794,-0.00032600
61146,20110713,PAR,0.00267400,0.00300000,-0.00032600,0.01881574,0.00918086,-0.01636535,0.00433300
61146,20110714,PAR,-0.00266700,-0.00700000,0.00433300,-0.01265004,-0.00629981,-0.03055587,-0.01669500
61146,20110715,PAR,-0.01069500,0.00600000,-0.01669500,-0.00963274,0.00463171,-0.02897486,0.00259500
61146,20110718,PAR,-0.00540500,-0.00800000,0.00259500,-0.02194024,-0.01786342,-0.00749729,-0.00784800
61146,20110719,PAR,0.00815200,0.01600000,-0.00784800,0.00664993,-0.00581459,-0.00275900,0.01178200
61146,20110720,PAR,0.01078200,-0.00100000,0.01178200,-0.00473759,-0.01906434,-0.00918681,-0.00866700
61146,20110721,PAR,0.00533300,0.01400000,-0.00866700,-0.00591335,-0.01117077,-0.01731509,-0.00895800
61146,20110722,PAR,-0.00795800,0.00100000,-0.00895800,0.00440863,0.00856638,0.01326315,0.02204300
61146,20110725,PAR,0.01604300,-0.00600000,0.02204300,0.00633344,0.00959362,-0.00841613,-0.00652600
61146,20110726,PAR,-0.01052600,-0.00400000,-0.00652600,0.06988347,0.05254195,0.04681582,0.05457400
61146,20110727,PAR,0.03457400,-0.02000000,0.05457400,0.04790048,0.06089681,0.04292569,0.00042900
61146,20110728,PAR,-0.00257100,-0.00300000,0.00042900,0.05539695,0.07057592,0.06059809,0.00084500
61146,20110729,PAR,-0.00515500,-0.00600000,0.00084500,0.01294535,0.06023975,0.07045729,0.01177200
61146,20110801,PAR,0.00777200,-0.00400000,0.01177200,0.00736600,0.06049603,0.07035009,-0.00484800
61146,20110802,PAR,-0.03084800,-0.02600000,-0.00484800,0.01986482,0.02094906,0.07249704,0.01356800
61146,20110803,PAR,0.01856800,0.00500000,0.01356800,0.04755137,0.05937173,0.11728667,0.04018800
61146,20110804,PAR,-0.00781200,-0.04800000,0.04018800,0.02032466,0.02614017,0.09241889,-0.03312100
61146,20110805,PAR,-0.03412100,-0.00100000,-0.03312100,0.01371373,0.02088211,0.07369962,0.00721700
61146,20110808,PAR,-0.05978300,-0.06700000,0.00721700,-0.07298729,-0.02121001,0.03521737,-0.05278000
61146,20110809,PAR,-0.00578000,0.04700000,-0.05278000,0.00634783,0.01288706,0.03132742,0.04981400
61146,20110810,PAR,0.00581400,-0.04400000,0.04981400,-0.03541348,-0.05721550,0.00175464,-0.03443900
61146,20110811,PAR,0.01156100,0.04600000,-0.03443900,0.02118689,-0.02247263,0.00423741,0.00357100
61146,20110812,PAR,0.00857100,0.00500000,0.00357100,-0.00499254,-0.00599347,0.01712480,0.02615900
61146,20110815,PAR,0.04815900,0.02200000,0.02615900,0.02887520,0.04713920,0.02144634,-0.00081100
61146,20110816,PAR,-0.01081100,-0.01000000,-0.00081100,0.02403559,-0.00687351,0.00752723,-0.00100000
61146,20110817,PAR,0.00000000,0.00100000,-0.00100000,-0.01936909,0.00794707,-0.04831600,-0.01784199
61146,20110818,PAR,-0.06284200,-0.04500000,-0.01784199,-0.02631601,-0.00370012,-0.02495915,-0.00832400
61146,20110819,PAR,-0.02332400,-0.01500000,-0.00832400,-0.01444661,-0.01598461,-0.02268049,0.01194000
61146,20110822,PAR,0.01194000,0.00000000,0.01194000,-0.01849118,-0.03647375,0.00708979,-0.02220100
61146,20110823,PAR,0.01179900,0.03400000,-0.02220100,0.02718442,-0.00169726,-0.00856786,0.03656300
61146,20110824,PAR,0.04956300,0.01300000,0.03656300,0.04011298,0.04308506,0.05029137,0.02433300
61146,20110825,PAR,0.00833300,-0.01600000,0.02433300,0.05239637,0.04340856,0.03732421,-0.00949000
61146,20110826,PAR,0.00551000,0.01500000,-0.00949000,-0.01005835,0.00421098,-0.01333226,-0.02526000
61146,20110829,PAR,0.00274000,0.02800000,-0.02526000,-0.03724170,0.02490320,-0.01467302,-0.00200000
61146,20110830,PAR,0.00000000,0.00200000,-0.00200000,-0.04342515,-0.02836681,-0.02965658,-0.01592900
61146,20110831,PAR,-0.01092900,0.00500000,-0.01592900,-0.03590970,-0.07118300,-0.03060583,-0.01838700
61146,20110901,PAR,-0.03038700,-0.01200000,-0.01838700,-0.00910037,-0.03557032,0.00453193,0.02500000
61146,20110902,PAR,0.00000000,-0.02500000,0.02500000,-0.01733055,-0.03430078,-0.03297643,-0.02433900
61146,20110906,PAR,-0.03133900,-0.00700000,-0.02433900,-0.01904365,-0.05205987,-0.03091609,-0.02017600
61146,20110907,PAR,0.00882400,0.02900000,-0.02017600,-0.03334880,-0.02595577,-0.05371421,0.01100000
61146,20110908,PAR,0.00000000,-0.01100000,0.01100000,0.00979712,0.00997134,-0.05860075,0.01825400
61146,20110909,PAR,-0.00874600,-0.02700000,0.01825400,0.00472822,-0.03858732,-0.07232739,-0.02464700
61146,20110912,PAR,-0.01764700,0.00700000,-0.02464700,-0.00903703,-0.01787314,-0.05111379,-0.00301200
61146,20110913,PAR,0.00598800,0.00900000,-0.00301200,-0.04103644,-0.01087295,-0.06175316,-0.01300000
61146,20110914,PAR,0.00000000,0.01300000,-0.01300000,-0.01254714,-0.01850651,-0.04397130,0.00383300
61146,20110915,PAR,0.02083300,0.01700000,0.00383300,-0.01854508,-0.04716750,-0.03518903,-0.00891500
61146,20110916,PAR,-0.00291500,0.00600000,-0.00891500,0.01093875,-0.00533230,-0.04502243,0.01584800
61146,20110919,PAR,0.00584800,-0.01000000,0.01584800,-0.00269410,-0.01208137,-0.03024109,-0.00962800
61146,20110920,PAR,-0.01162800,-0.00200000,-0.00962800,0.01724078,0.01251702,0.00158944,0.01135300
61146,20110921,PAR,-0.01764700,-0.02900000,0.01135300,-0.01362943,-0.00712542,-0.02441494,-0.01590400
61146,20110922,PAR,-0.04790400,-0.03200000,-0.01590400,-0.03968549,-0.03365515,-0.07791888,-0.03744700
61146,20110923,PAR,-0.03144700,0.00600000,-0.03744700,-0.06806167,-0.06421808,-0.07128849,-0.01650600
61146,20110926,PAR,0.00649400,0.02300000,-0.01650600,-0.02787960,-0.03089680,-0.04307967,0.02771000
61146,20110927,PAR,0.03871000,0.01100000,0.02771000,0.04266228,-0.01295875,-0.00053967,0.03031700
61146,20110928,PAR,0.00931700,-0.02100000,0.03031700,0.07005580,0.01412376,0.00577826,0.01046200
61146,20110929,PAR,0.01846200,0.00800000,0.01046200,0.07821253,0.09254622,0.04985484,0.03708500
61146,20110930,PAR,0.01208500,-0.02500000,0.03708500,0.06010413,0.11900979,0.04652850,0.01307500
61146,20111003,PAR,-0.01492500,-0.02800000,0.01307500,0.03447286,0.07526220,0.04174675,-0.01593900
61146,20111004,PAR,0.00606100,0.02200000,-0.01593900,0.00067577,0.04920692,0.03500169,0.00308400
61146,20111005,PAR,0.02108400,0.01800000,0.00308400,-0.02881999,0.02346018,0.03859572,-0.01505000
61146,20111006,PAR,0.00295000,0.01800000,-0.01505000,0.03823084,0.03548448,0.13310635,0.04917600
61146,20111007,PAR,0.04117600,-0.00800000,0.04917600,0.02365518,0.01059712,0.14056976,-0.01140100
61146,20111010,PAR,0.02259900,0.03400000,-0.01140100,0.06148063,0.05040701,0.13205525,0.02109900
61146,20111011,PAR,0.02209900,0.00100000,0.02109900,-0.00583630,0.02985768,0.08309103,-0.01540500
61146,20111012,PAR,-0.00540500,0.01000000,-0.01540500,0.00031045,0.03961892,0.06495193,-0.00515200
61146,20111013,PAR,-0.00815200,-0.00300000,-0.00515200,-0.03760137,-0.02889271,0.00708096,-0.01700000
61146,20111014,PAR,0.00000000,0.01700000,-0.01700000,-0.01370561,-0.00839783,0.00144467,0.00804100
61146,20111017,PAR,-0.01095900,-0.01900000,0.00804100,-0.02039727,-0.04096569,0.00599876,-0.01171700
61146,20111018,PAR,0.00828300,0.02000000,-0.01171700,-0.02048813,-0.04214827,-0.01585474,-0.01719300
61146,20111019,PAR,-0.03019300,-0.01300000,-0.01719300,-0.04501363,-0.05325800,-0.01718175,-0.01633100
61146,20111020,PAR,-0.01133100,0.00500000,-0.01633100,-0.04800764,-0.05129810,-0.08211446,-0.01487400
61146,20111021,PAR,0.00412600,0.01900000,-0.01487400,-0.04024041,-0.06932979,-0.07790898,-0.00854800
61146,20111024,PAR,0.00445200,0.01300000,-0.00854800,0.00559042,-0.02814089,-0.06879057,0.02852300
61146,20111025,PAR,0.00852300,-0.02000000,0.02852300,0.00364539,-0.02784265,-0.07002961,-0.01663400
61146,20111026,PAR,-0.00563400,0.01100000,-0.01663400,0.02667016,0.00267002,-0.05376750,0.01415900
61146,20111027,PAR,0.04815900,0.03400000,0.01415900,-0.01720541,0.00376345,-0.04962305,-0.01351400
61146,20111028,PAR,-0.01351400,0.00000000,-0.01351400,0.03349265,0.04574700,-0.02464385,0.03239700
61146,20111031,PAR,0.00739700,-0.02500000,0.03239700,0.05500232,0.05436915,0.02514717,0.03697500
61146,20111101,PAR,0.00897500,-0.02800000,0.03697500,0.05083589,0.05255839,0.02483827,-0.01869500
61146,20111102,PAR,-0.00269500,0.01600000,-0.01869500,0.00537900,0.02424727,0.02832601,-0.01359500
61146,20111103,PAR,0.00540500,0.01900000,-0.01359500,-0.02639692,0.04390736,0.04940201,0.00600000
61146,20111104,PAR,0.00000000,-0.00600000,0.00600000,-0.00004487,0.01901332,0.06589562,0.00744100
61146,20111107,PAR,0.01344100,0.00600000,0.00744100,0.04717653,0.01430484,0.07191158,0.03309300
61146,20111108,PAR,0.04509300,0.01200000,0.03309300,0.07873678,0.07182783,0.12747941,0.03700000
61146,20111109,PAR,0.00000000,-0.03700000,0.03700000,0.05115638,0.06509618,0.08929016,-0.01915200
61146,20111110,PAR,-0.01015200,0.00900000,-0.01915200,-0.00028065,0.04036547,0.08539920,-0.01900000
61146,20111111,PAR,0.00000000,0.01900000,-0.01900000,-0.02804128,0.04249321,0.06242900,0.01000000
61146,20111114,PAR,0.00000000,-0.01000000,0.01000000,-0.02154609,-0.00289440,0.01101827,-0.01269200
61146,20111115,PAR,-0.00769200,0.00500000,-0.01269200,0.04760578,0.00964124,0.08249583,0.05059200
61146,20111116,PAR,0.03359200,-0.01700000,0.05059200,0.03144430,0.02288867,0.08776936,-0.00550000
61146,20111117,PAR,-0.02250000,-0.01700000,-0.00550000,0.05438291,0.05141168,0.09270711,0.01023000
61146,20111118,PAR,0.01023000,-0.00000000,0.01023000,0.02067645,0.05758730,0.10005506,0.01646800
61146,20111121,PAR,-0.00253200,-0.01900000,0.01646800,0.02803854,0.07136584,0.06736526,0.00146200
61146,20111122,PAR,-0.00253800,-0.00400000,0.00146200,0.03682397,0.04066360,0.05033924,0.01945500
61146,20111123,PAR,-0.00254500,-0.02200000,0.01945500,0.00852945,0.03449785,0.05639267,-0.01230600
61146,20111125,PAR,-0.01530600,-0.00300000,-0.01230600,-0.01097656,0.00699912,0.05748990,-0.01863700
61146,20111128,PAR,0.01036300,0.02900000,-0.01863700,-0.02031185,0.00120938,0.05888557,0.01082000
61146,20111129,PAR,0.01282000,0.00200000,0.01082000,-0.05207765,-0.04349110,0.03066740,-0.04300000
61146,20111130,PAR,0.00000000,0.04300000,-0.04300000,-0.04315002,-0.07527804,-0.03026142,-0.01081000
61146,20111201,PAR,-0.01281000,-0.00200000,-0.01081000,-0.05104085,-0.06028985,-0.02249426,0.00271800
61146,20111202,PAR,0.00271800,-0.00000000,0.00271800,-0.02823326,-0.06111864,-0.05297192,-0.02023000
61146,20111205,PAR,-0.01023000,0.01000000,-0.02023000,-0.05445314,-0.10807110,-0.10707261,-0.03717600
61146,20111206,PAR,-0.03617600,0.00100000,-0.03717600,-0.05395279,-0.06163920,-0.10592261,0.00336200
61146,20111207,PAR,0.00536200,0.00200000,0.00336200,-0.04395467,-0.06084630,-0.13518417,-0.01100000
61146,20111208,PAR,-0.03200000,-0.02100000,-0.01100000,-0.00299555,-0.05976868,-0.12135229,0.00503900
61146,20111209,PAR,0.02203900,0.01700000,0.00503900,-0.00470778,-0.03791568,-0.09774350,0.00152300
61146,20111212,PAR,-0.01347700,-0.01500000,0.00152300,0.01829036,0.01008897,-0.09571536,0.01173200
61146,20111213,PAR,0.00273200,-0.00900000,0.01173200,0.02382064,0.01747575,-0.04265616,0.01100000
61146,20111214,PAR,0.00000000,-0.01100000,0.01100000,0.00876392,0.01524580,-0.04572618,-0.01389900
61146,20111215,PAR,-0.01089900,0.00300000,-0.01389900,-0.06306247,-0.04936552,-0.10488771,-0.06085100
61146,20111216,PAR,-0.05785100,0.00300000,-0.06085100,-0.05933163,-0.03699793,-0.07192611,0.01492400
61146,20111219,PAR,0.00292400,-0.01200000,0.01492400,-0.04824142,-0.05064100,-0.03961139,-0.00084600
61146,20111220,PAR,0.02915400,0.03000000,-0.00084600,0.00663970,-0.06939964,-0.04999247,-0.00766600
61146,20111221,PAR,-0.00566600,0.00200000,-0.00766600,-0.04031726,-0.08601311,-0.07029602,-0.03079200
61146,20111222,PAR,-0.02279200,0.00800000,-0.03079200,-0.01910689,-0.00492074,-0.05573225,0.02015400
61146,20111223,PAR,0.02915400,0.00900000,0.02015400,0.00571935,-0.00303363,-0.04167895,0.01699700
61146,20111227,PAR,0.01699700,0.00000000,0.01699700,0.06724716,0.02711645,-0.02490721,0.02871300
61146,20111228,PAR,0.01671300,-0.01200000,0.02871300,0.04645763,0.03536073,-0.03668542,-0.00004100
61146,20111229,PAR,0.01095900,0.01100000,-0.00004100,0.10264864,0.14489031,0.05056507,0.07177800
61146,20111230,PAR,0.06777800,-0.00400000,0.07177800,0.06835128,0.11768357,0.11649960,-0.00487300
61146,20120103,PAR,0.01012700,0.01500000,-0.00487300,0.05410101,0.08491233,0.08580977,-0.01256300
61146,20120104,PAR,-0.01256300,0.00000000,-0.01256300,0.06060796,0.13925754,0.17178915,0.07842501
61146,20120105,PAR,0.08142500,0.00300000,0.07842501,0.03015971,0.10018074,0.14106540,-0.03229400
61146,20120106,PAR,-0.03529400,-0.00300000,-0.03229400,0.05907775,0.04132810,0.19483074,0.01507300
61146,20120109,PAR,0.01707300,0.00200000,0.01507300,-0.02445550,0.03924219,0.16322387,-0.00660200
61146,20120110,PAR,0.00239800,0.00900000,-0.00660200,0.02312814,0.06787144,0.16014652,0.01435400
61146,20120111,PAR,0.01435400,0.00000000,0.01435400,0.00576851,-0.01235388,0.12626556,-0.00200000
61146,20120112,PAR,0.00000000,0.00200000,-0.00200000,0.02214871,0.03104938,0.13547899,0.00971700
61146,20120113,PAR,0.00471700,-0.00500000,0.00971700,0.03675810,0.04516923,0.08954564,0.02886400
61146,20120117,PAR,0.03286400,0.00400000,0.02886400,0.02776722,0.04064296,0.08239796,-0.01100000
61146,20120118,PAR,0.00000000,0.01100000,-0.01100000,0.02917656,0.03719666,0.10915930,0.01090900
61146,20120119,PAR,0.01590900,0.00500000,0.01090900,0.02452000,0.06486293,0.05215834,0.02428000
61146,20120120,PAR,0.02528000,0.00100000,0.02428000,0.04717686,0.06665428,0.10096115,0.01112800
61146,20120123,PAR,0.01112800,0.00000000,0.01112800,0.07158930,0.07258213,0.12247984,0.03466400
61146,20120124,PAR,0.03366400,-0.00100000,0.03466400,0.00444623,0.04050162,0.08384703,-0.04031500
61146,20120125,PAR,-0.03131500,0.00900000,-0.04031500,0.01229954,0.04850936,0.08844697,0.01893100
61146,20120126,PAR,0.01293100,-0.00600000,0.01893100,-0.03016713,0.01468026,0.08072682,-0.00863800
61146,20120127,PAR,-0.01063800,-0.00200000,-0.00863800,0.00234329,-0.00427638,0.06179845,-0.00775300
61146,20120130,PAR,-0.01075300,-0.00300000,-0.00775300,0.00712165,-0.01463849,0.05649642,0.02391300
61146,20120131,PAR,0.02391300,-0.00000000,0.02391300,0.01123077,0.02145895,0.06304752,-0.00475400
61146,20120201,PAR,0.00424600,0.00900000,-0.00475400,0.01607783,-0.00070982,0.04800387,-0.00311400
61146,20120202,PAR,-0.00211400,0.00100000,-0.00311400,-0.01666659,-0.00057860,0.01441739,-0.00864400
61146,20120203,PAR,0.00635600,0.01500000,-0.00864400,-0.00332991,0.01614505,0.01164262,0.00842100
61146,20120206,PAR,0.00842100,-0.00000000,0.00842100,0.04652965,0.03860817,0.02292657,0.04601700
61146,20120207,PAR,0.04801700,0.00200000,0.04601700,0.05283837,0.04122814,0.06391773,-0.00200000
61146,20120208,PAR,0.00000000,0.00200000,-0.00200000,0.05971024,0.06042541,0.05995846,0.01493600
61146,20120209,PAR,0.01593600,0.00100000,0.01493600,0.01796280,0.07360577,0.07461124,0.00503900
61146,20120210,PAR,-0.00196100,-0.00700000,0.00503900,0.01100045,0.05558359,0.07410453,-0.00896500
61146,20120213,PAR,-0.00196500,0.00700000,-0.00896500,-0.02444221,-0.01191129,0.02598818,-0.02065400
61146,20120214,PAR,-0.02165400,-0.00100000,-0.02065400,-0.01078649,0.00903308,0.05060685,0.01908500
61146,20120215,PAR,0.01408500,-0.00500000,0.01908500,-0.03249785,-0.03626259,0.02153884,-0.03084100
61146,20120216,PAR,-0.01984100,0.01100000,-0.03084100,0.01618845,-0.01399793,0.05963620,0.02836400
61146,20120217,PAR,0.03036400,0.00200000,0.02836400,-0.00609899,-0.00795631,0.04758780,-0.00296500
61146,20120221,PAR,-0.00196500,0.00100000,-0.00296500,0.00203014,-0.00996249,-0.02184527,-0.02259100
61146,20120222,PAR,-0.02559100,-0.00300000,-0.02259100,-0.02949468,-0.03289489,-0.02385702,-0.00400000
61146,20120223,PAR,0.00000000,0.00400000,-0.00400000,-0.01480181,0.01019183,-0.02660811,0.01214100
61146,20120224,PAR,0.01414100,0.00200000,0.01214100,0.01318745,-0.01285689,-0.02692476,0.00497600
61146,20120227,PAR,0.00597600,0.00100000,0.00497600,0.02227138,-0.00503728,-0.01304932,0.00492100
61146,20120228,PAR,0.00792100,0.00300000,0.00492100,0.02492116,0.03339834,0.02325177,0.01482300
61146,20120229,PAR,0.00982300,-0.00500000,0.01482300,-0.00397328,0.01321420,-0.02014651,-0.02351000
61146,20120301,PAR,-0.01751000,0.00600000,-0.02351000,-0.00582615,0.00401361,0.01429043,0.00300000
61146,20120302,PAR,0.00000000,-0.00300000,0.00300000,-0.02426237,-0.00487847,-0.01765790,-0.00392100
61146,20120305,PAR,-0.00792100,-0.00400000,-0.00392100,0.00802164,-0.00067727,-0.00561043,0.00901200
61146,20120306,PAR,-0.00598800,-0.01500000,0.00901200,-0.00970964,-0.02978425,0.00216607,-0.01503200
61146,20120307,PAR,-0.00803200,0.00700000,-0.01503200,-0.01379008,-0.01461549,-0.00176509,-0.00797600
61146,20120308,PAR,0.00202400,0.01000000,-0.00797600,-0.03117808,-0.02556011,-0.02169202,-0.00804000
61146,20120309,PAR,-0.00404000,0.00400000,-0.00804000,0.00215493,-0.00382446,-0.00870103,0.01825600
61146,20120312,PAR,0.01825600,0.00000000,0.01825600,-0.03015162,-0.05357390,-0.05312012,-0.03991200
61146,20120313,PAR,-0.02191200,0.01800000,-0.03991200,-0.04132249,-0.05757571,-0.08605071,-0.01936700
61146,20120314,PAR,-0.02036700,-0.00100000,-0.01936700,-0.05097252,-0.04131701,-0.05551153,0.00855300
61146,20120315,PAR,0.01455300,0.00600000,0.00855300,-0.01463505,-0.03676407,-0.06206676,-0.00354100
61146,20120316,PAR,-0.00254100,0.00100000,-0.00354100,0.04509844,-0.01625186,-0.02021663,0.03963500
61146,20120319,PAR,0.04363500,0.00400000,0.03963500,0.04104384,0.02966643,-0.02469909,0.00496900
61146,20120320,PAR,0.00196900,-0.00300000,0.00496900,0.04670393,0.05222705,-0.00706763,0.00200000
61146,20120321,PAR,0.00000000,-0.00200000,0.00200000,-0.01363109,0.02135912,-0.01997009,-0.02050500
61146,20120322,PAR,-0.02750500,-0.00700000,-0.02050500,-0.04115784,0.00139485,-0.03520191,-0.02322200
61146,20120323,PAR,-0.02022200,0.00300000,-0.02322200,-0.04921555,-0.04228039,-0.05911686,-0.00573200
61146,20120326,PAR,0.00826800,0.01400000,-0.00573200,-0.02611214,-0.04417200,-0.01598014,0.00300000
61146,20120327,PAR,0.00000000,-0.00300000,0.00300000,0.00442669,-0.03918662,0.01085636,0.00704500
61146,20120328,PAR,0.00204500,-0.00500000,0.00704500,0.01201406,-0.01700412,0.00425853,0.00200000
61146,20120329,PAR,0.00000000,-0.00200000,0.00200000,0.00710817,0.00448502,0.00587459,-0.00195900
61146,20120330,PAR,0.00204100,0.00400000,-0.00195900,-0.00998707,0.00012294,-0.04224419,-0.01001600
61146,20120402,PAR,-0.00201600,0.00800000,-0.01001600,0.02875080,0.03791674,-0.00778655,0.04071300
61146,20120403,PAR,0.03671300,-0.00400000,0.04071300,0.01218149,0.01225506,-0.02722867,-0.01755900
61146,20120404,PAR,-0.02755900,-0.01000000,-0.01755900,0.04349615,0.03166547,0.01439410,0.02124300
61146,20120405,PAR,0.02024300,-0.00100000,0.02124300,0.01596363,0.04650092,0.05148151,0.01298400
61146,20120409,PAR,0.00198400,-0.01100000,0.01298400,0.00449324,0.02599586,0.02616730,-0.02854500
61146,20120410,PAR,-0.04554500,-0.01700000,-0.02854500,-0.01073904,-0.00760378,0.02881302,0.00544800
61146,20120411,PAR,0.01244800,0.00700000,0.00544800,-0.02750220,0.00626968,0.01847427,-0.00375400
61146,20120412,PAR,0.01024600,0.01400000,-0.00375400,-0.02336753,-0.03832594,-0.00836393,-0.02451100
61146,20120413,PAR,-0.03651100,-0.01200000,-0.02451100,-0.00902700,-0.03228758,0.01286039,0.01994700
61146,20120416,PAR,0.01894700,-0.00100000,0.01994700,0.00223919,0.00401693,0.03054381,0.00772700
61146,20120417,PAR,0.02272700,0.01500000,0.00772700,-0.00361343,-0.03227095,-0.03869377,-0.03034300
61146,20120418,PAR,-0.03434300,-0.00400000,-0.03034300,-0.00900658,-0.01413560,-0.00788856,0.01436800
61146,20120419,PAR,0.00836800,-0.00600000,0.01436800,-0.02333697,0.00354738,-0.03516946,-0.00722400
61146,20120420,PAR,-0.00622400,0.00100000,-0.00722400,0.02551766,0.00216743,-0.03014029,0.01843800
61146,20120423,PAR,0.01043800,-0.00800000,0.01843800,0.00303596,-0.01328071,-0.00967411,-0.00813200
61146,20120424,PAR,-0.00413200,0.00400000,-0.00813200,0.00607986,0.01326083,-0.01943857,-0.00433200
61146,20120425,PAR,0.00966800,0.01400000,-0.00433200,0.01820586,0.02971935,0.01466623,0.03068500
61146,20120426,PAR,0.03768500,0.00700000,0.03068500,0.03080169,0.04152776,0.04549229,0.00394100
61146,20120427,PAR,0.00594100,0.00200000,0.00394100,0.04092740,0.02852988,0.03074742,0.00596900
61146,20120430,PAR,0.00196900,-0.00400000,0.00596900,-0.00793964,0.01840678,0.00430850,-0.01778800
61146,20120501,PAR,-0.01178800,0.00600000,-0.01778800,-0.00390901,0.03075463,0.04469179,0.00796400
61146,20120502,PAR,0.00596400,-0.00200000,0.00796400,-0.01560288,-0.00583689,0.02342432,-0.00583400
61146,20120503,PAR,-0.01383400,-0.00800000,-0.00583400,0.03377624,0.02193073,0.06379375,0.03203200
61146,20120504,PAR,0.01603200,-0.01600000,0.03203200,0.02189539,0.01211991,0.04070582,-0.00394500
61146,20120507,PAR,-0.00394500,0.00000000,-0.00394500,0.02057649,0.02240388,0.04123970,-0.00724800
61146,20120508,PAR,-0.01124800,-0.00400000,-0.00724800,0.00702712,0.03260558,0.06359241,0.01837600
61146,20120509,PAR,0.01137600,-0.00700000,0.01837600,-0.00783702,0.01986814,0.01393457,-0.01884200
61146,20120510,PAR,-0.01584200,0.00300000,-0.01884200,-0.00164258,-0.01268816,0.00902672,-0.00102400
61146,20120511,PAR,-0.00402400,-0.00300000,-0.00102400,-0.00087248,0.00997884,0.02175537,0.01908100
61146,20120514,PAR,0.00808100,-0.01100000,0.01908100,0.02994375,0.02919185,0.05084837,0.01201200
61146,20120515,PAR,0.00601200,-0.00600000,0.01201200,0.03702789,0.01691437,0.04880587,0.00599200
61146,20120516,PAR,0.00199200,-0.00400000,0.00599200,0.03484625,0.05253124,0.07142493,0.01698800
61146,20120517,PAR,0.00198800,-0.01500000,0.01698800,0.03178335,0.06250630,0.04887543,0.00898400
61146,20120518,PAR,0.00198400,-0.00700000,0.00898400,0.01419706,0.03219041,0.04162554,-0.01204000
61146,20120521,PAR,0.00396000,0.01600000,-0.01204000,-0.00095244,0.02217151,0.05118402,0.00197200
61146,20120522,PAR,0.00197200,0.00000000,0.00197200,-0.01407194,0.01220963,0.02900362,-0.00396800
61146,20120523,PAR,-0.00196800,0.00200000,-0.00396800,-0.00300197,-0.00596478,0.04710844,-0.00100000
61146,20120524,PAR,0.00000000,0.00100000,-0.00100000,-0.00296407,-0.01305195,0.05025404,0.00200000
61146,20120525,PAR,0.00000000,-0.00200000,0.00200000,-0.00604210,-0.00806199,0.02438569,-0.00705500
61146,20120529,PAR,0.00394500,0.01100000,-0.00705500,0.01895434,0.01397257,0.03626316,0.02382300
61146,20120530,PAR,0.00982300,-0.01400000,0.02382300,0.01500962,0.01600639,0.02826828,-0.00189100
61146,20120531,PAR,-0.00389100,-0.00200000,-0.00189100,0.02485576,0.02012495,0.01447058,0.00351600
61146,20120601,PAR,-0.02148400,-0.02500000,0.00351600,0.00944065,0.02607458,0.01351769,0.00798400
61146,20120604,PAR,0.00798400,0.00000000,0.00798400,0.00547843,0.02695772,0.01928276,-0.00600000
61146,20120605,PAR,0.00000000,0.00600000,-0.00600000,-0.01915825,-0.01696685,-0.00317508,-0.02102000
61146,20120606,PAR,0.00198000,0.02300000,-0.02102000,-0.04696022,-0.03465964,-0.01894049,-0.01976300
61146,20120607,PAR,-0.01976300,-0.00000000,-0.01976300,-0.03712479,-0.03537532,-0.01407965,0.00409700
61146,20120608,PAR,0.01209700,0.00800000,0.00409700,-0.01663487,-0.04368729,-0.01681760,-0.00094400
61146,20120611,PAR,-0.01394400,-0.01300000,-0.00094400,-0.01893109,-0.05969488,-0.03145955,-0.02210100
61146,20120612,PAR,-0.01010100,0.01200000,-0.02210100,-0.01974066,-0.03536010,-0.05177298,0.00291800
61146,20120613,PAR,-0.00408200,-0.00700000,0.00291800,-0.04021294,-0.03699428,-0.07087164,-0.02124600
61146,20120614,PAR,-0.01024600,0.01100000,-0.02124600,-0.04661622,-0.06856767,-0.10453229,-0.02863400
61146,20120615,PAR,-0.01863400,0.01000000,-0.02863400,-0.03237804,-0.05139967,-0.09525552,0.01798700
61146,20120618,PAR,0.01898700,0.00100000,0.01798700,0.00786399,-0.01084213,-0.07171486,0.01898500
61146,20120619,PAR,0.02898500,0.01000000,0.01898500,0.04164390,-0.00979753,-0.04588008,0.00401200
61146,20120620,PAR,0.00201200,-0.00200000,0.00401200,0.04525091,0.03439626,-0.00337591,0.02200000
61146,20120621,PAR,0.00000000,-0.02200000,0.02200000,0.01511166,0.05271483,-0.01836102,-0.01101600
61146,20120622,PAR,-0.00401600,0.00700000,-0.01101600,-0.00322500,0.01903689,-0.03163296,-0.01424200
61146,20120625,PAR,-0.03024200,-0.01600000,-0.01424200,-0.02194683,0.00386905,-0.00661408,0.00331600
61146,20120626,PAR,0.00831600,0.00500000,0.00331600,0.00016403,0.01127716,0.00188021,0.01161900
61146,20120627,PAR,0.02061900,0.00900000,0.01161900,-0.01825294,-0.04295512,-0.00979666,-0.03234300
61146,20120628,PAR,-0.03434300,-0.00200000,-0.03234300,-0.01566047,-0.02676752,0.02579723,0.00638100
61146,20120629,PAR,0.03138100,0.02500000,0.00638100,-0.01085339,0.00426879,0.02403790,0.01625600
61146,20120702,PAR,0.01825600,0.00200000,0.01625600,0.01281355,-0.00949665,-0.00524189,-0.00998400
61146,20120703,PAR,-0.00398400,0.00600000,-0.00998400,0.01122728,-0.01588800,-0.00422205,0.00500000
61146,20120705,PAR,0.00000000,-0.00500000,0.00500000,0.03194316,0.05652075,0.01048848,0.03700000
61146,20120706,PAR,0.02800000,-0.00900000,0.03700000,0.06592734,0.07295214,0.04595874,0.02340100
61146,20120709,PAR,0.02140100,-0.00200000,0.02340100,0.05089425,0.04583107,0.05202428,-0.00914300
61146,20120710,PAR,-0.01714300,-0.00800000,-0.00914300,0.00220193,0.04379970,0.03588378,-0.01162800
61146,20120711,PAR,-0.01162800,-0.00000000,-0.01162800,-0.01751660,0.04179949,0.02671188,0.00303900
61146,20120712,PAR,-0.00196100,-0.00500000,0.00303900,-0.02254781,-0.00860888,0.04731023,-0.01403500
61146,20120713,PAR,0.00196500,0.01600000,-0.01403500,0.00482798,-0.01606465,0.05590508,0.01572600
61146,20120716,PAR,0.01372600,-0.00200000,0.01572600,-0.01320638,-0.02177384,0.02418147,-0.01473700
61146,20120717,PAR,-0.00773700,0.00700000,-0.01473700,-0.00417763,-0.01522874,0.02927695,-0.00505100
61146,20120718,PAR,0.00194900,0.00700000,-0.00505100,-0.02095953,-0.01950911,0.02324745,-0.00105400
61146,20120719,PAR,0.00194600,0.00300000,-0.00105400,0.00787607,0.00881915,0.00009940,0.01388300
61146,20120720,PAR,0.00388300,-0.01000000,0.01388300,0.01013048,-0.00946338,-0.02534942,-0.00260500
61146,20120723,PAR,-0.01160500,-0.00900000,-0.00260500,0.00055574,-0.00539454,-0.02674516,-0.01056900
61146,20120724,PAR,-0.01956900,-0.00900000,-0.01056900,-0.00335678,0.00925957,-0.00551851,0.00998000
61146,20120725,PAR,0.00998000,-0.00000000,0.00998000,-0.00393263,0.00732827,-0.01187573,-0.00316600
61146,20120726,PAR,0.01383400,0.01700000,-0.00316600,-0.01237099,-0.02548926,-0.01686339,-0.01900000
61146,20120727,PAR,0.00000000,0.01900000,-0.01900000,-0.02841791,-0.02895266,-0.03833550,-0.00584800
61146,20120730,PAR,-0.00584800,-0.00000000,-0.00584800,-0.01492441,-0.00822606,-0.01360176,0.00988200
61146,20120731,PAR,0.00588200,-0.00400000,0.00988200,0.00308869,-0.01920044,-0.00937277,-0.00089900
61146,20120801,PAR,-0.00389900,-0.00300000,-0.00089900,0.01786015,-0.00674598,0.00064363,0.00895700
61146,20120802,PAR,0.00195700,-0.00700000,0.00895700,-0.01857774,-0.01454277,-0.04004177,-0.02681200
61146,20120803,PAR,-0.00781200,0.01900000,-0.02681200,-0.01291137,-0.00386424,-0.03300638,0.00489000
61146,20120806,PAR,0.00689000,0.00200000,0.00489000,-0.02028271,-0.01200375,-0.02064814,0.00184300
61146,20120807,PAR,0.00684300,0.00500000,0.00184300,-0.00407964,-0.02193517,-0.04173596,-0.01070900
61146,20120808,PAR,-0.00970900,0.00100000,-0.01070900,-0.00893751,-0.03107480,-0.03794347,0.00000000
61146,20120809,PAR,0.00000000,0.00000000,0.00000000,-0.00300220,0.00374696,-0.01097824,0.00780400
61146,20120810,PAR,0.00980400,0.00200000,0.00780400,0.02057021,0.01156345,0.00770614,0.01265000
61146,20120813,PAR,0.01165000,-0.00100000,0.01265000,0.00684440,-0.00394179,-0.01598491,-0.01343600
61146,20120814,PAR,-0.01343600,-0.00000000,-0.01343600,0.00388398,0.01172609,-0.01027586,0.00483700
61146,20120815,PAR,0.00583700,0.00100000,0.00483700,-0.00800686,0.01255536,-0.01884855,0.00073700
61146,20120816,PAR,0.00773700,0.00700000,0.00073700,0.00165105,0.00069580,0.00448613,-0.00391900
61146,20120817,PAR,-0.00191900,0.00200000,-0.00391900,-0.00321072,-0.01194182,-0.00048425,0.00000000
61146,20120820,PAR,0.00000000,-0.00000000,0.00000000,-0.00859014,-0.00310063,-0.00706396,-0.00469200
61146,20120821,PAR,-0.00769200,-0.00300000,-0.00469200,-0.00661504,-0.00985451,0.00180652,-0.00193800
61146,20120822,PAR,-0.00193800,0.00000000,-0.00193800,0.00136098,-0.00251756,0.00987052,0.00800000
61146,20120823,PAR,0.00000000,-0.00800000,0.00800000,0.00010999,-0.00457321,-0.00392531,-0.00600000
61146,20120824,PAR,0.00000000,0.00600000,-0.00600000,-0.00766103,-0.01418885,-0.02604324,-0.00970900
61146,20120827,PAR,-0.00970900,-0.00000000,-0.00970900,-0.00887814,-0.00276863,-0.00587059,0.00688200
61146,20120828,PAR,0.00588200,-0.00100000,0.00688200,-0.00970842,-0.00766045,-0.01746514,-0.00684800
61146,20120829,PAR,-0.00584800,0.00100000,-0.00684800,0.00211856,-0.01348536,-0.01584248,0.00211800
61146,20120830,PAR,-0.00588200,-0.00800000,0.00211800,-0.02134822,-0.02414351,-0.02847067,-0.01683400
61146,20120831,PAR,-0.01183400,0.00500000,-0.01683400,0.00403753,0.00403810,-0.01017111,0.01896400
61146,20120904,PAR,0.01796400,-0.00100000,0.01896400,0.00489896,0.00014000,-0.00261826,0.00296100
61146,20120905,PAR,0.00196100,-0.00100000,0.00296100,0.02994309,0.01454593,0.00663037,0.00739700
61146,20120906,PAR,0.02739700,0.02000000,0.00739700,-0.00148722,0.00047069,-0.01338802,-0.01161900
61146,20120907,PAR,-0.00761900,0.00400000,-0.01161900,0.00359039,0.02601511,0.00078049,0.00791900
61146,20120910,PAR,0.00191900,-0.00600000,0.00791900,-0.00477943,0.00552188,0.00964062,-0.00108400
61146,20120911,PAR,0.00191600,0.00300000,-0.00108400,0.02213682,0.01806399,0.01813680,0.01520800
61146,20120912,PAR,0.01720800,0.00200000,0.01520800,0.00764890,0.00383679,0.01877222,-0.00660200
61146,20120913,PAR,0.00939800,0.01600000,-0.00660200,0.01422380,0.02128668,0.02235412,0.00531100
61146,20120914,PAR,0.00931100,0.00400000,0.00531100,0.00555205,0.02005003,0.04748035,0.00669000
61146,20120917,PAR,0.00369000,-0.00300000,0.00669000,0.01491030,0.02404498,0.03027926,0.00283800
61146,20120918,PAR,0.00183800,-0.00100000,0.00283800,0.02145077,0.02059024,0.03980752,0.01184400
61146,20120919,PAR,0.01284400,0.00100000,0.01184400,0.01570647,0.02794654,0.03242203,0.00100000
61146,20120920,PAR,0.00000000,-0.00100000,0.00100000,0.01100965,0.02060234,0.04263432,-0.00181200
61146,20120921,PAR,-0.00181200,-0.00000000,-0.00181200,0.00299765,0.01770413,0.03844017,0.00381500
61146,20120924,PAR,0.00181500,-0.00200000,0.00381500,0.00573163,0.01848345,0.04299383,0.00375400
61146,20120925,PAR,-0.00724600,-0.01100000,0.00375400,-0.00106369,-0.00185841,0.01825261,-0.00859900
61146,20120926,PAR,-0.01459900,-0.00600000,-0.00859900,-0.00739002,-0.00540456,0.02213702,-0.00259300
61146,20120927,PAR,0.00740700,0.01000000,-0.00259300,-0.00580095,0.00176381,0.02212652,0.00543400
61146,20120928,PAR,0.00143400,-0.00400000,0.00543400,-0.01453373,-0.01906621,-0.00178601,-0.01728100
61146,20121001,PAR,-0.01428100,0.00300000,-0.01728100,-0.01101644,-0.02217609,-0.00374213,0.00086200
61146,20121002,PAR,0.00186200,0.00100000,0.00086200,-0.01312211,-0.01032352,-0.01198356,0.00343500
61146,20121003,PAR,0.00743500,0.00400000,0.00343500,0.01216931,0.00001450,-0.00544980,0.00776000
61146,20121004,PAR,0.01476000,0.00700000,0.00776000,0.00231730,-0.01434152,-0.01238923,-0.00876400
61146,20121005,PAR,-0.00876400,-0.00000000,-0.00876400,0.00155578,0.00589426,-0.01350378,0.00267000
61146,20121008,PAR,-0.00033000,-0.00300000,0.00267000,0.00478752,0.01602485,-0.00639744,0.01091700
61146,20121009,PAR,0.00091700,-0.01000000,0.01091700,0.01305907,0.01202376,0.00186890,-0.00041600
61146,20121010,PAR,-0.00641600,-0.00600000,-0.00041600,0.01665562,0.01051021,0.01064035,0.00625500
61146,20121011,PAR,0.00625500,0.00000000,0.00625500,0.00439975,0.01783726,0.00382197,-0.00138200
61146,20121012,PAR,-0.00438200,-0.00300000,-0.00138200,-0.00682016,0.00370434,0.00958869,-0.01168300
61146,20121015,PAR,-0.00368300,0.00800000,-0.01168300,-0.02855713,-0.02266539,-0.00681330,-0.01552700
61146,20121016,PAR,-0.00552700,0.01000000,-0.01552700,-0.02561398,-0.02070828,-0.00845503,0.00178100
61146,20121017,PAR,0.00578100,0.00400000,0.00178100,-0.00831503,-0.02142940,-0.01056040,0.00547400
61146,20121018,PAR,0.00347400,-0.00200000,0.00547400,0.00944738,-0.01749890,0.00045767,0.00226700
61146,20121019,PAR,-0.01473300,-0.01700000,0.00226700,0.01704342,0.00349142,0.00715090,0.00949500
61146,20121022,PAR,0.00949500,0.00000000,0.00949500,0.03260316,0.03996467,0.01740405,0.02125800
61146,20121023,PAR,0.00725800,-0.01400000,0.02125800,0.03378001,0.04092392,0.02088650,0.00300000
61146,20121024,PAR,0.00000000,-0.00300000,0.00300000,0.00645418,0.01787879,-0.00296956,-0.01770600
61146,20121025,PAR,-0.01470600,0.00300000,-0.01770600,-0.00818235,0.02247090,0.00490334,0.00659700
61146,20121026,PAR,0.00559700,-0.00100000,0.00659700,-0.01784265,0.00629229,0.00972065,-0.00671600
61146,20121031,PAR,-0.00671600,0.00000000,-0.00671600,0.00120502,-0.01365652,0.02655495,0.00136500
61146,20121101,PAR,0.01236500,0.01100000,0.00136500,-0.01490688,-0.02597950,0.01496585,-0.00946900
61146,20121102,PAR,-0.01846900,-0.00900000,-0.00946900,-0.06625320,-0.06633380,-0.04754797,-0.05837300
61146,20121105,PAR,-0.05637300,0.00200000,-0.05837300,-0.05627679,-0.06202916,-0.03975378,0.01192000
61146,20121106,PAR,0.01992000,0.00800000,0.01192000,-0.01964821,-0.02764007,-0.02118496,0.02784800
61146,20121107,PAR,0.00384800,-0.02400000,0.02784800,0.05787788,-0.01130659,-0.02444603,0.01789500
61146,20121108,PAR,0.00589500,-0.01200000,0.01789500,0.05722138,0.00908710,-0.01646676,0.01154000
61146,20121109,PAR,0.01354000,0.00200000,0.01154000,0.00229950,0.04198957,-0.02527950,-0.02671800
61146,20121112,PAR,-0.02671800,0.00000000,-0.02671800,-0.01733410,0.02788297,-0.03320764,-0.00188200
61146,20121113,PAR,-0.00588200,-0.00400000,-0.00188200,-0.00877389,0.02006376,-0.00761061,0.01991700
61146,20121114,PAR,0.00591700,-0.01400000,0.01991700,0.00030019,-0.01493423,-0.02534904,-0.01760800
61146,20121115,PAR,-0.01960800,-0.00200000,-0.01760800,-0.01261717,-0.04033637,-0.03077984,-0.01500000
61146,20121116,PAR,-0.01000000,0.00500000,-0.01500000,-0.05050114,-0.03214341,0.00953095,-0.01798000
61146,20121119,PAR,0.00202000,0.02000000,-0.01798000,-0.04612554,-0.04326723,-0.01469028,-0.01309700
61146,20121120,PAR,-0.01209700,0.00100000,-0.01309700,-0.03316348,-0.06533728,-0.04424475,-0.00200000
61146,20121121,PAR,0.00000000,0.00200000,-0.00200000,-0.01805754,-0.05154420,-0.06540397,-0.00279600
61146,20121123,PAR,0.01020400,0.01300000,-0.00279600,0.00741203,-0.02418876,-0.06456953,0.01210100
61146,20121126,PAR,0.01010100,-0.00200000,0.01210100,0.01448882,-0.00087485,-0.03328157,0.00500000
61146,20121127,PAR,0.00000000,-0.00500000,0.00500000,-0.00095417,-0.00579053,-0.04955563,-0.01800000
61146,20121128,PAR,-0.01000000,0.00800000,-0.01800000,-0.00097138,0.00850852,-0.05833997,0.01216200
61146,20121129,PAR,0.01616200,0.00400000,0.01216200,-0.00803146,0.00918398,-0.04270762,-0.00198800
61146,20121130,PAR,-0.00198800,0.00000000,-0.00198800,0.01314180,0.00006359,-0.02417138,0.00300800
61146,20121203,PAR,-0.00199200,-0.00500000,0.00300800,0.00301395,-0.00295734,-0.00386038,0.00200000
61146,20121204,PAR,0.00000000,-0.00200000,0.00200000,0.00101998,0.01112562,0.00545455,-0.00399600
61146,20121205,PAR,-0.00199600,0.00200000,-0.00399600,-0.00698797,-0.00593315,0.00240078,-0.00500000
61146,20121206,PAR,-0.00200000,0.00300000,-0.00500000,-0.01800102,-0.01292709,-0.00391697,-0.00901200
61146,20121207,PAR,-0.00601200,0.00300000,-0.00901200,-0.04200923,-0.04392933,-0.04395323,-0.02822600
61146,20121210,PAR,-0.02822600,0.00000000,-0.02822600,-0.02805774,-0.03703386,-0.04010988,0.00959700
61146,20121211,PAR,0.01659700,0.00700000,0.00959700,-0.00700050,-0.02105157,-0.00999340,0.01224500
61146,20121212,PAR,0.01224500,0.00000000,0.01224500,0.01563897,-0.02199770,-0.02777942,-0.00609700
61146,20121213,PAR,-0.01209700,-0.00600000,-0.00609700,0.01201690,-0.00703538,-0.01983901,0.00604100
61146,20121214,PAR,0.00204100,-0.00400000,0.00604100,-0.00190465,0.02012737,-0.02495702,-0.00181700
61146,20121217,PAR,0.01018300,0.01200000,-0.00181700,-0.00475409,0.00136006,-0.03618233,-0.00898400
61146,20121218,PAR,0.00201600,0.01100000,-0.00898400,-0.01494702,-0.01490262,-0.03593647,-0.00407200
61146,20121219,PAR,-0.01207200,-0.00800000,-0.00407200,-0.01397502,-0.00981933,-0.03199060,-0.00092700
61146,20121220,PAR,0.00407300,0.00500000,-0.00092700,0.00597616,-0.00473228,-0.01179622,0.01102800
61146,20121221,PAR,0.00202800,-0.00900000,0.01102800,0.01825626,0.00515823,0.02537217,0.00807300
61146,20121224,PAR,0.00607300,-0.00200000,0.00807300,0.02606870,0.02093051,0.02256384,0.00701200
61146,20121226,PAR,0.00201200,-0.00500000,0.00701200,0.01203170,0.02217842,0.00723099,-0.00301600
61146,20121227,PAR,-0.00401600,-0.00100000,-0.00301600,0.01894087,0.03786656,0.02855130,0.01503200
61146,20121228,PAR,0.00403200,-0.01100000,0.01503200,-0.02087133,-0.00588060,-0.01063831,-0.03306400
61146,20121231,PAR,-0.01606400,0.01700000,-0.03306400,-0.02692551,-0.02276509,-0.01752494,-0.00867300
61146,20130102,PAR,0.01632700,0.02500000,-0.00867300,-0.02628338,-0.01381094,0.00767507,0.01605600
61146,20130103,PAR,0.01405600,-0.00200000,0.01605600,0.01230246,-0.00625872,0.01661095,0.00446500
61146,20130104,PAR,0.00946500,0.00500000,0.00446500,0.00001835,-0.04240502,-0.00336277,-0.02010800
61146,20130107,PAR,-0.02310800,-0.00300000,-0.02010800,-0.01680105,-0.00966072,-0.01559191,-0.00101600
61146,20130108,PAR,-0.00401600,-0.00300000,-0.00101600,-0.02598371,-0.00599654,-0.02877306,-0.00501600
61146,20130109,PAR,-0.00201600,0.00300000,-0.00501600,-0.01863285,-0.03434792,-0.04877966,-0.01264600
61146,20130110,PAR,-0.00464600,0.00800000,-0.01264600,-0.01505518,-0.03592032,-0.04320806,0.00263900
61146,20130111,PAR,0.00263900,-0.00000000,0.00263900,-0.01709188,-0.02304587,-0.06574701,-0.00709700
61146,20130114,PAR,-0.00809700,-0.00100000,-0.00709700,-0.00750816,-0.02513488,-0.03520987,-0.00304100
61146,20130115,PAR,-0.00204100,0.00100000,-0.00304100,-0.01823750,-0.02821989,-0.03409439,-0.00820000
61146,20130116,PAR,-0.00820000,0.00000000,-0.00820000,-0.05290380,-0.05712462,-0.09028726,-0.04204200
61146,20130117,PAR,-0.03604200,0.00600000,-0.04204200,-0.04378257,-0.05355120,-0.08813782,0.00660400
61146,20130118,PAR,0.00960400,0.00300000,0.00660400,-0.03983823,-0.05080172,-0.07335576,-0.00400000
61146,20130122,PAR,0.00000000,0.00400000,-0.00400000,0.00378653,-0.04677715,-0.07163096,0.00117800
61146,20130123,PAR,0.00317800,0.00200000,0.00117800,-0.02719409,-0.06248303,-0.08986502,-0.02428700
61146,20130124,PAR,-0.02428700,0.00000000,-0.02428700,-0.02819614,-0.02585676,-0.08246325,-0.00500000
61146,20130125,PAR,0.00000000,0.00500000,-0.00500000,-0.03994861,-0.04291395,-0.09503683,-0.01098700
61146,20130128,PAR,-0.01298700,-0.00200000,-0.01098700,-0.02099198,-0.04391899,-0.09361645,-0.00500000
61146,20130129,PAR,0.00000000,0.00500000,-0.00500000,-0.04443283,-0.07261074,-0.11727220,-0.02889500
61146,20130130,PAR,-0.03289500,-0.00400000,-0.02889500,-0.02429275,-0.03992197,-0.10057263,0.00980300
61146,20130131,PAR,0.00680300,-0.00300000,0.00980300,-0.03802973,-0.05355988,-0.07893901,-0.01900900
61146,20130201,PAR,-0.00900900,0.01000000,-0.01900900,0.00738111,-0.02656342,-0.06839932,0.01654500
61146,20130204,PAR,0.00454500,-0.01200000,0.01654500,-0.03488583,-0.05344736,-0.09559042,-0.03262400
61146,20130205,PAR,-0.02262400,0.01000000,-0.03262400,0.00794026,-0.00130460,-0.07424985,0.02446300
61146,20130206,PAR,0.02546300,0.00100000,0.02446300,-0.00898725,-0.01135314,-0.05110620,-0.00025700
61146,20130207,PAR,-0.00225700,-0.00200000,-0.00025700,0.02278612,0.00622980,-0.04777999,-0.00147500
61146,20130208,PAR,0.00452500,0.00600000,-0.00147500,-0.02555731,-0.03438839,-0.06026862,-0.02377500
61146,20130211,PAR,-0.02477500,-0.00100000,-0.02377500,-0.02962821,-0.00599446,-0.05944674,-0.00430900
61146,20130212,PAR,-0.00230900,0.00200000,-0.00430900,-0.02902588,-0.03082519,-0.03227742,-0.00100000
61146,20130213,PAR,0.00000000,0.00100000,-0.00100000,0.03987501,0.01360527,0.00208846,0.04529600
61146,20130214,PAR,0.04629600,0.00100000,0.04529600,0.05224114,0.02277639,0.02922571,0.00763700
61146,20130215,PAR,0.00663700,-0.00100000,0.00763700,0.01151908,0.00614426,-0.02871388,-0.03996700
61146,20130219,PAR,-0.03296700,0.00700000,-0.03996700,0.00607904,0.05038611,0.04441620,0.03927300
61146,20130220,PAR,0.02727300,-0.01200000,0.03927300,0.01984524,0.07355449,0.04124368,0.02148700
61146,20130221,PAR,0.01548700,-0.00600000,0.02148700,0.04318038,0.00978800,0.02357185,-0.01771500
61146,20130222,PAR,-0.00871500,0.00900000,-0.01771500,0.02616922,0.02451040,0.04743589,0.02239600
61146,20130225,PAR,0.00439600,-0.01800000,0.02239600,0.00757447,0.06881524,0.07594243,0.00275300
61146,20130226,PAR,0.00875300,0.00600000,0.00275300,0.00805751,0.01180475,0.06292293,-0.01733800
61146,20130227,PAR,-0.00433800,0.01300000,-0.01733800,-0.01587061,-0.01090995,0.06260491,-0.00117900
61146,20130228,PAR,-0.00217900,-0.00100000,-0.00117900,-0.02702596,-0.00173260,0.00806086,-0.00855000
61146,20130301,PAR,-0.00655000,0.00200000,-0.00855000,-0.02561098,-0.04051244,-0.01556258,-0.01598900
61146,20130304,PAR,-0.01098900,0.00500000,-0.01598900,-0.01271322,-0.03144100,0.03788798,0.01222200
61146,20130305,PAR,0.02222200,0.01000000,0.01222200,-0.00947201,-0.01925825,-0.00755016,-0.00534800
61146,20130306,PAR,-0.00434800,0.00100000,-0.00534800,0.00696718,-0.01795052,-0.02904101,0.00018300
61146,20130307,PAR,0.00218300,0.00200000,0.00018300,0.00385510,-0.00019217,-0.00196319,0.00907200
61146,20130308,PAR,0.01307200,0.00400000,0.00907200,0.01913950,0.02630824,-0.01542290,0.00968800
61146,20130311,PAR,0.01268800,0.00300000,0.00968800,0.03639680,0.03111525,-0.00064524,0.01707800
61146,20130312,PAR,0.01507800,-0.00200000,0.01707800,-0.01274760,-0.00364833,-0.02305299,-0.03865700
61146,20130313,PAR,-0.03765700,0.00100000,-0.03865700,-0.01752059,0.00103353,-0.01713084,0.00487000
61146,20130314,PAR,0.01087000,0.00600000,0.00487000,-0.03846503,-0.01244255,-0.01290933,-0.00445200
61146,20130315,PAR,-0.00645200,-0.00200000,-0.00445200,0.00638367,-0.01586395,0.00962764,0.00600000
61146,20130318,PAR,0.00000000,-0.00600000,0.00600000,0.00351993,-0.03043720,-0.00060742,0.00200000
61146,20130319,PAR,0.00000000,-0.00200000,0.00200000,0.00753795,0.00793010,0.00430567,-0.00050600
61146,20130320,PAR,0.00649400,0.00700000,-0.00050600,0.00954795,0.01101759,0.01218377,0.00800000
61146,20130321,PAR,0.00000000,-0.00800000,0.00800000,0.00272154,0.01075691,-0.00172892,-0.00485000
61146,20130322,PAR,0.00215000,0.00700000,-0.00485000,0.00835358,0.00990976,-0.00615596,0.00514600
61146,20130325,PAR,0.00214600,-0.00300000,0.00514600,-0.02491476,-0.01743579,-0.04762240,-0.02513100
61146,20130326,PAR,-0.01713100,0.00800000,-0.02513100,-0.02972212,-0.02656718,-0.01890279,-0.00989300
61146,20130327,PAR,-0.01089300,-0.00100000,-0.00989300,-0.00245472,-0.00214000,0.00904333,0.03344500
61146,20130328,PAR,0.03744500,0.00400000,0.03344500,0.05766121,0.03681764,0.04793586,0.03372400
61146,20130401,PAR,0.02972400,-0.00400000,0.03372400,0.05448797,0.01796820,0.02819145,-0.01324700
61146,20130402,PAR,-0.00824700,0.00500000,-0.01324700,0.01215438,0.03538807,0.01784566,-0.00771100
61146,20130403,PAR,-0.01871100,-0.01100000,-0.00771100,-0.07214731,-0.00891766,-0.03521821,-0.05272900
61146,20130404,PAR,-0.04872900,0.00400000,-0.05272900,-0.09085546,-0.07275572,-0.07581296,-0.03386200
61146,20130405,PAR,-0.03786200,-0.00400000,-0.03386200,-0.12039054,-0.13803648,-0.10685089,-0.03840700
61146,20130408,PAR,-0.03240700,0.00600000,-0.03840700,-0.07057130,-0.12571644,-0.11153689,0.00078500
61146,20130409,PAR,0.00478500,0.00400000,0.00078500,-0.02445787,-0.10899141,-0.07590727,0.01419100
61146,20130410,PAR,0.02619100,0.01200000,0.01419100,0.02055890,-0.05330687,-0.06183479,0.00528100
61146,20130411,PAR,0.00928100,0.00400000,0.00528100,0.05842989,0.01851437,-0.05745897,0.03748300
61146,20130412,PAR,0.03448300,-0.00300000,0.03748300,0.03131637,0.04701200,-0.09664368,-0.01033300
61146,20130415,PAR,-0.03333300,-0.02300000,-0.01033300,0.00769651,0.02739680,-0.10224119,-0.01859800
61146,20130416,PAR,-0.00459800,0.01400000,-0.01859800,-0.02791984,0.01294598,-0.09474747,0.00014300
61146,20130417,PAR,-0.01385700,-0.01400000,0.00014300,-0.03188606,-0.00614109,-0.05750061,-0.01407700
61146,20130418,PAR,-0.02107700,-0.00700000,-0.01407700,-0.03178922,-0.05870007,-0.04302599,-0.01856900
61146,20130419,PAR,-0.00956900,0.00900000,-0.01856900,-0.02333912,-0.04123165,0.00442070,0.00949300
61146,20130422,PAR,0.01449300,0.00500000,0.00949300,-0.01940006,-0.03280020,-0.00634258,-0.01000000
61146,20130423,PAR,0.00000000,0.01000000,-0.01000000,-0.01263455,-0.04511843,-0.03153344,-0.01190500
61146,20130424,PAR,-0.01190500,0.00000000,-0.01190500,-0.00451611,-0.01392734,-0.01969783,0.01768700
61146,20130425,PAR,0.02168700,0.00400000,0.01768700,0.00991336,0.00949892,-0.05096318,0.00435900
61146,20130426,PAR,0.00235900,-0.00200000,0.00435900,0.00063312,-0.02147670,-0.06275514,-0.02111800
61146,20130429,PAR,-0.01411800,0.00700000,-0.02111800,-0.01878823,-0.01340464,-0.04616399,-0.00200000
61146,20130430,PAR,0.00000000,0.00200000,-0.00200000,-0.01169748,0.01012440,-0.03536539,0.01138700
61146,20130501,PAR,0.00238700,-0.00900000,0.01138700,-0.01385179,-0.03049892,-0.04496037,-0.02328600
61146,20130502,PAR,-0.01428600,0.00900000,-0.02328600,-0.02523731,-0.04826552,-0.03985879,-0.01341500
61146,20130503,PAR,-0.00241500,0.01100000,-0.01341500,-0.05785282,-0.04837763,-0.07006057,-0.02137000
61146,20130506,PAR,-0.01937000,0.00200000,-0.02137000,-0.08330418,-0.09437645,-0.10779775,-0.04944500
61146,20130507,PAR,-0.04444500,0.00500000,-0.04944500,-0.05946409,-0.09564431,-0.08635485,0.01150400
61146,20130508,PAR,0.01550400,0.00400000,0.01150400,-0.03708350,-0.07121086,-0.10058144,0.00145500
61146,20130509,PAR,-0.00254500,-0.00400000,0.00145500,0.02702338,-0.04492064,-0.09244980,0.01385700
61146,20130510,PAR,0.01785700,0.00400000,0.01385700,-0.02034110,-0.05838777,-0.10525013,-0.03508800
61146,20130513,PAR,-0.03508800,0.00000000,-0.03508800,-0.03189755,-0.01919243,-0.11342663,-0.01000000
61146,20130514,PAR,0.00000000,0.01000000,-0.01000000,-0.01504997,0.00023284,-0.09686432,0.03136400
61146,20130515,PAR,0.03636400,0.00500000,0.03136400,0.02898637,0.00639315,-0.06615543,0.00750600
61146,20130516,PAR,0.00250600,-0.00500000,0.00750600,0.03418117,-0.01255592,-0.05795269,-0.00500000
61146,20130517,PAR,0.00500000,0.01000000,-0.00500000,0.00858585,0.03029612,-0.03070033,0.00597500
61146,20130520,PAR,0.00497500,-0.00100000,0.00597500,-0.00600761,0.03317359,0.01359890,-0.00695000
61146,20130521,PAR,-0.00495000,0.00200000,-0.00695000,-0.01040266,-0.00793034,-0.00781905,-0.00941300
61146,20130522,PAR,-0.01741300,-0.00800000,-0.00941300,-0.00832853,-0.00741107,-0.00116973,0.00806300
61146,20130523,PAR,0.00506300,-0.00300000,0.00806300,0.00450228,0.00351658,-0.00887505,0.00603800
61146,20130524,PAR,0.00503800,-0.00100000,0.00603800,-0.00197901,-0.01822787,0.01104603,-0.01602500
61146,20130528,PAR,-0.01002500,0.00600000,-0.01602500,-0.00299657,-0.00441841,0.02812900,0.00700000
61146,20130529,PAR,0.00000000,-0.00700000,0.00700000,-0.00546001,0.00865001,0.00064132,0.00359500
61146,20130530,PAR,0.00759500,0.00400000,0.00359500,0.02711277,0.01711502,0.00966508,0.01651300
61146,20130531,PAR,0.00251300,-0.01400000,0.01651300,0.00664827,-0.00236444,0.00115166,-0.01351900
61146,20130603,PAR,-0.00751900,0.00600000,-0.01351900,0.00398495,0.01448914,-0.00375125,0.00094900
61146,20130604,PAR,-0.00505100,-0.00600000,0.00094900,0.01654059,0.03660794,0.03165791,0.02922800
61146,20130605,PAR,0.01522800,-0.01400000,0.02922800,0.02722589,0.03011125,0.03881642,-0.00300000
61146,20130606,PAR,0.00500000,0.00800000,-0.00300000,0.00334359,-0.00927950,0.00790467,-0.02295000
61146,20130607,PAR,-0.00995000,0.01300000,-0.02295000,0.03139627,0.06236292,0.05952779,0.05778900
61146,20130610,PAR,0.05778900,-0.00000000,0.05778900,0.01703106,0.04386883,0.05819967,-0.01612800
61146,20130611,PAR,-0.02612800,-0.01000000,-0.01612800,0.03550839,0.00969487,0.04652824,-0.00419500
61146,20130612,PAR,-0.01219500,-0.00800000,-0.00419500,-0.02769008,0.00515589,0.03561313,-0.00759300
61146,20130613,PAR,0.00740700,0.01500000,-0.00759300,0.00647809,0.04685814,0.03754626,0.01825500
61146,20130614,PAR,0.01225500,-0.00600000,0.01825500,-0.00216728,-0.02251032,0.03835399,-0.01284300
61146,20130617,PAR,-0.00484300,0.00800000,-0.01284300,-0.01486951,-0.02667252,0.01685525,-0.02016500
61146,20130618,PAR,-0.01216500,0.00800000,-0.02016500,-0.02847324,-0.01817305,-0.00860098,0.00414800
61146,20130619,PAR,-0.00985200,-0.01400000,0.00414800,-0.00067010,0.00455835,0.00963241,0.01505000
61146,20130620,PAR,-0.00995000,-0.02500000,0.01505000,0.04808136,0.01543404,0.06192375,0.02966300
61146,20130621,PAR,0.03266300,0.00300000,0.02966300,0.01639756,0.00078703,-0.02084798,-0.02692900
61146,20130624,PAR,-0.03892900,-0.01200000,-0.02692900,-0.00239526,0.01659574,-0.00920479,-0.00393700
61146,20130625,PAR,0.00506300,0.00900000,-0.00393700,-0.02875886,0.01536530,-0.00264233,0.00259400
61146,20130626,PAR,0.01259400,0.01000000,0.00259400,-0.00242059,-0.00086611,0.00378613,-0.00102500
61146,20130627,PAR,0.00497500,0.00600000,-0.00102500,0.00311715,-0.02831530,-0.01260755,0.00152500
61146,20130628,PAR,-0.00247500,-0.00400000,0.00152500,-0.00698544,-0.00848792,-0.00734984,-0.00748100
61146,20130701,PAR,-0.00248100,0.00500000,-0.00748100,0.00249715,0.00411271,0.02088346,0.00846300
61146,20130702,PAR,0.00746300,-0.00100000,0.00846300,0.01733425,0.01789152,0.03336415,0.01628400
61146,20130703,PAR,0.01728400,0.00100000,0.01628400,0.03477703,0.02861574,0.02817149,0.00941700
61146,20130705,PAR,0.01941700,0.01000000,0.00941700,0.02344076,0.02454113,-0.00482169,-0.00261900
61146,20130708,PAR,0.00238100,0.00500000,-0.00261900,0.02396086,0.04998501,0.04219484,0.01675300
61146,20130709,PAR,0.02375300,0.00700000,0.01675300,0.01415560,0.04101976,0.04605441,0.00000000
61146,20130710,PAR,0.00000000,0.00000000,0.00000000,0.00978135,0.01693262,0.03589780,-0.00703900
61146,20130711,PAR,0.00696100,0.01400000,-0.00703900,-0.01936228,-0.00547254,0.02376440,-0.01221700
61146,20130712,PAR,-0.00921700,0.00300000,-0.01221700,-0.02037936,-0.00380781,0.02118132,-0.00100000
61146,20130715,PAR,0.00000000,0.00100000,-0.00100000,-0.00920407,-0.01630712,0.03320064,0.00400000
61146,20130716,PAR,0.00000000,-0.00400000,0.00400000,-0.00231306,-0.02166972,0.01865743,-0.00532600
61146,20130717,PAR,-0.00232600,0.00300000,-0.00532600,-0.00863456,-0.02182772,-0.00592516,-0.00733100
61146,20130718,PAR,-0.00233100,0.00500000,-0.00733100,-0.01003136,-0.00699727,-0.01267470,0.00267300
61146,20130719,PAR,0.00467300,0.00200000,0.00267300,-0.01601657,-0.01730520,-0.02151343,-0.01130200
61146,20130722,PAR,-0.00930200,0.00200000,-0.01130200,0.00034070,-0.01235280,-0.02879477,0.00904200
61146,20130723,PAR,0.00704200,-0.00200000,0.00904200,0.00400411,-0.00064669,-0.02237794,0.00633100
61146,20130724,PAR,0.00233100,-0.00400000,0.00633100,0.00770474,-0.00098158,-0.02281716,-0.00765100
61146,20130725,PAR,-0.00465100,0.00300000,-0.00765100,0.01166846,0.00931988,0.00232272,0.01301900
61146,20130726,PAR,0.01401900,0.00100000,0.01301900,0.00466491,0.02008998,0.00270181,-0.00060800
61146,20130729,PAR,-0.00460800,-0.00400000,-0.00060800,0.00767710,0.00634432,-0.00597366,-0.00463000
61146,20130730,PAR,-0.00463000,0.00000000,-0.00463000,-0.02825832,-0.02324267,-0.02394354,-0.02325600
61146,20130731,PAR,-0.02325600,-0.00000000,-0.02325600,-0.01300009,-0.00061064,-0.00160199,0.01557200
61146,20130801,PAR,0.02857200,0.01300000,0.01557200,0.00283461,-0.00248656,0.00691238,0.01114800
61146,20130802,PAR,0.01314800,0.00200000,0.01114800,0.03122756,0.00219255,0.02259489,0.00401600
61146,20130805,PAR,0.00301600,-0.00100000,0.00401600,0.01426688,0.00602653,0.01243519,-0.00083400
61146,20130806,PAR,-0.00683400,-0.00600000,-0.00083400,0.00941255,0.03658153,0.01239759,0.00629400
61146,20130807,PAR,0.00229400,-0.00400000,0.00629400,-0.00537351,0.00965356,0.00913621,-0.01086500
61146,20130808,PAR,-0.00686500,0.00400000,-0.01086500,0.00630946,0.00942796,0.00704864,0.01091200
61146,20130809,PAR,0.00691200,-0.00400000,0.01091200,0.00101555,0.00642570,0.00869829,0.00100000
61146,20130812,PAR,0.00000000,-0.00100000,0.00100000,-0.02103069,-0.02549580,-0.01983724,-0.03274800
61146,20130813,PAR,-0.02974800,0.00300000,-0.03274800,-0.02215840,-0.02214286,0.01343159,0.00971700
61146,20130814,PAR,0.00471700,-0.00500000,0.00971700,-0.01147250,0.00016582,0.00961836,0.01165300
61146,20130815,PAR,-0.00234700,-0.01400000,0.01165300,0.03602491,0.00390255,0.01313664,0.01476500
61146,20130816,PAR,0.01176500,-0.00300000,0.01476500,0.04398388,0.02024963,0.02642355,0.01762800
61146,20130819,PAR,0.01162800,-0.00600000,0.01762800,0.01678339,0.03800508,0.01207142,-0.01549400
61146,20130820,PAR,-0.01149400,0.00400000,-0.01549400,0.00801227,0.03422483,0.01177036,0.00600000
61146,20130821,PAR,0.00000000,-0.00600000,0.00600000,-0.02075095,0.01149883,0.01142585,-0.01132600
61146,20130822,PAR,-0.00232600,0.00900000,-0.01132600,-0.00695811,-0.00491959,-0.00091905,-0.00166900
61146,20130823,PAR,0.00233100,0.00400000,-0.00166900,0.00031786,-0.00924082,0.01119166,0.01330200
61146,20130826,PAR,0.00930200,-0.00400000,0.01330200,0.01834605,0.01311584,0.05080802,0.00678300
61146,20130827,PAR,-0.00921700,-0.01600000,0.00678300,0.03099508,0.01818032,0.05243276,0.01100000
61146,20130828,PAR,0.01400000,0.00300000,0.01100000,0.01568184,0.02740615,0.03903540,-0.00204600
61146,20130829,PAR,-0.00004600,0.00200000,-0.00204600,0.01570696,0.03568188,0.03085076,0.00669300
61146,20130830,PAR,0.00369300,-0.00300000,0.00669300,0.00384448,0.02161724,0.01242003,-0.00082400
61146,20130903,PAR,0.00317600,0.00400000,-0.00082400,-0.02046353,-0.01172118,0.00157891,-0.02622300
61146,20130904,PAR,-0.01822300,0.00800000,-0.02622300,-0.01672319,-0.01207064,0.00615932,0.01060100
61146,20130905,PAR,0.01160100,0.00100000,0.01060100,-0.04317639,-0.03752763,-0.01045960,-0.02752300
61146,20130906,PAR,-0.02752300,0.00000000,-0.02752300,-0.01101041,-0.03827973,-0.00244839,0.00650900
61146,20130909,PAR,0.01650900,0.01000000,0.00650900,-0.02624482,-0.04217737,-0.02047896,-0.00468000
61146,20130910,PAR,0.00232000,0.00700000,-0.00468000,0.01761467,-0.00025968,-0.01222927,0.01551900
61146,20130911,PAR,0.01851900,0.00300000,0.01551900,0.01621158,-0.00559271,-0.01786903,0.00527300
61146,20130912,PAR,0.00227300,-0.00300000,0.00527300,0.02196314,0.02418036,-0.01476754,0.00103600
61146,20130913,PAR,0.00403600,0.00300000,0.00103600,-0.00371828,0.00713022,-0.03187245,-0.01002000
61146,20130916,PAR,-0.00402000,0.00600000,-0.01002000,-0.01305433,0.00778888,-0.03506290,-0.00400000
61146,20130917,PAR,0.00000000,0.00400000,-0.00400000,-0.00583822,0.00059209,0.00033902,0.00840800
61146,20130918,PAR,0.02040800,0.01200000,0.00840800,0.03360341,0.02445869,0.01901694,0.02866700
61146,20130919,PAR,0.02666700,-0.00200000,0.02866700,0.10820514,0.09368538,0.12232864,0.06760600
61146,20130920,PAR,0.06060600,-0.00700000,0.06760600,0.06505231,0.07067924,0.07946280,-0.02969400
61146,20130923,PAR,-0.03469400,-0.00500000,-0.02969400,0.09285095,0.13435373,0.14490197,0.05585400
61146,20130924,PAR,0.05285400,-0.00300000,0.05585400,0.04361372,0.14429288,0.14815257,0.01906400
61146,20130925,PAR,0.01606400,-0.00300000,0.01906400,0.06009087,0.09718829,0.12590963,-0.01485800
61146,20130926,PAR,-0.01185800,0.00300000,-0.01485800,0.01404868,0.03849192,0.13516160,0.01000000
61146,20130927,PAR,0.00600000,-0.00400000,0.01000000,-0.01671012,0.05735151,0.13127666,-0.01189300
61146,20130930,PAR,-0.01789300,-0.00600000,-0.01189300,0.00205569,0.00608024,0.14094244,0.00414600
61146,20131001,PAR,0.01214600,0.00800000,0.00414600,-0.00711322,-0.01199283,0.13079854,0.00080000
61146,20131002,PAR,-0.00020000,-0.00100000,0.00080000,0.00611930,0.00402572,0.10037632,0.00119800
61146,20131003,PAR,-0.00780200,-0.00900000,0.00119800,-0.00493947,-0.01280216,0.02530721,-0.00700000
61146,20131004,PAR,0.00000000,0.00700000,-0.00700000,-0.00876016,-0.00396791,0.05297059,-0.00309700
61146,20131007,PAR,-0.01209700,-0.00900000,-0.00309700,0.01000553,0.01188810,0.01787083,0.02016300
61146,20131008,PAR,0.00816300,-0.01200000,0.02016300,0.01386427,0.00813140,-0.00369639,-0.00302400
61146,20131009,PAR,-0.00202400,0.00100000,-0.00302400,0.00149904,-0.00866089,-0.00453101,-0.01591500
61146,20131010,PAR,0.00608500,0.02200000,-0.01591500,-0.01903900,-0.00161135,-0.01448913,0.00004800
61146,20131011,PAR,0.00604800,0.00600000,0.00004800,-0.00384758,0.01381579,0.00965316,0.01203200
61146,20131014,PAR,0.01603200,0.00400000,0.01203200,0.02123880,0.00229548,0.01446564,0.00897200
61146,20131015,PAR,0.00197200,-0.00700000,0.00897200,-0.00291351,-0.01908562,-0.01037065,-0.02384200
61146,20131016,PAR,-0.00984200,0.01400000,-0.02384200,-0.02578436,-0.01403372,-0.02290345,-0.01097600
61146,20131017,PAR,-0.00397600,0.00700000,-0.01097600,-0.05186703,-0.03114389,-0.03298407,-0.01698000
61146,20131018,PAR,-0.00998000,0.00700000,-0.01698000,-0.02200147,-0.03682715,-0.02399822,0.00604800
61146,20131021,PAR,0.00604800,0.00000000,0.00604800,0.04284553,0.00692345,0.00949413,0.05412000
61146,20131022,PAR,0.06012000,0.00600000,0.05412000,0.06354576,0.03466904,0.01599972,0.00311000
61146,20131023,PAR,-0.00189000,-0.00500000,0.00311000,0.08620748,0.07482724,0.06139343,0.02730300
61146,20131024,PAR,0.03030300,0.00300000,0.02730300,0.03394026,0.09684953,0.06487460,0.00335300
61146,20131025,PAR,0.00735300,0.00400000,0.00335300,0.03175384,0.09120383,0.05260622,0.00082500
61146,20131028,PAR,0.00182500,0.00100000,0.00082500,0.00183380,0.03259161,0.04092464,-0.00235700
61146,20131029,PAR,0.00364300,0.00600000,-0.00235700,-0.00744501,0.02320062,0.05933468,-0.00588900
61146,20131030,PAR,-0.01088900,-0.00500000,-0.00588900,0.01578520,0.02010493,0.09680403,0.02418400
61146,20131031,PAR,0.02018400,-0.00400000,0.02418400,-0.01395598,-0.01555461,0.07975689,-0.03177700
61146,20131101,PAR,-0.02877700,0.00300000,-0.03177700,-0.00298367,-0.01124224,0.07919599,0.00525900
61146,20131104,PAR,0.00925900,0.00400000,0.00525900,-0.03456655,-0.01675292,0.01497819,-0.00800900
61146,20131105,PAR,-0.01100900,-0.00300000,-0.00800900,-0.02536241,-0.03333230,-0.01111268,-0.02255300
61146,20131106,PAR,-0.01855300,0.00400000,-0.02255300,-0.02467187,-0.05065796,-0.03177302,0.00543900
61146,20131107,PAR,-0.00756100,-0.01300000,0.00543900,-0.02423840,-0.02704424,-0.04227907,-0.00728600
61146,20131108,PAR,0.00571400,0.01300000,-0.00728600,-0.02162427,-0.05136032,-0.06224883,-0.01993900
61146,20131111,PAR,-0.01893900,0.00100000,-0.01993900,0.00134842,-0.01581112,-0.03226703,0.02902700
61146,20131112,PAR,0.02702700,-0.00200000,0.02902700,-0.00130818,-0.00303891,-0.03650931,-0.00988000
61146,20131113,PAR,-0.00188000,0.00800000,-0.00988000,0.05848435,0.03005714,-0.02355230,0.03831500
61146,20131114,PAR,0.04331500,0.00500000,0.03831500,0.03929872,0.04832112,0.01976840,0.01044000
61146,20131115,PAR,0.01444000,0.00400000,0.01044000,0.06846280,0.08938837,0.03303485,0.01823500
61146,20131118,PAR,0.01423500,-0.00400000,0.01823500,0.00743095,0.03599479,0.01954233,-0.02080700
61146,20131119,PAR,-0.02280700,-0.00200000,-0.02080700,-0.00604572,0.04246994,0.03959476,-0.00318100
61146,20131120,PAR,-0.00718100,-0.00400000,-0.00318100,-0.01774878,0.01069196,0.04139814,0.00646700
61146,20131121,PAR,0.01446700,0.00800000,0.00646700,-0.00898695,-0.01183776,0.03586324,-0.01213000
61146,20131122,PAR,-0.00713000,0.00500000,-0.01213000,-0.00298512,-0.02701495,0.06019451,0.00279500
61146,20131125,PAR,0.00179500,-0.00100000,0.00279500,-0.02538554,-0.02234091,0.01289122,-0.01612900
61146,20131126,PAR,-0.01612900,0.00000000,-0.01612900,-0.01177019,-0.01766732,0.02466738,0.00164300
61146,20131127,PAR,0.00364300,0.00200000,0.00164300,-0.00816603,-0.01747446,-0.00694988,0.00644500
61146,20131129,PAR,0.00544500,-0.00100000,0.00644500,0.02204159,0.00838887,-0.00348797,0.01383000
61146,20131202,PAR,0.01083000,-0.00300000,0.01383000,0.03602328,0.02112826,-0.00619644,0.01550000
61146,20131203,PAR,0.01250000,-0.00300000,0.01550000,0.01962023,0.02785216,0.00524515,-0.00958200
61146,20131204,PAR,-0.01058200,-0.00100000,-0.00958200,0.00619545,0.02646541,0.00891344,0.00043500
61146,20131205,PAR,-0.00356500,-0.00400000,0.00043500,-0.02182208,0.00729761,-0.01026656,-0.01278900
61146,20131206,PAR,-0.00178900,0.01100000,-0.01278900,-0.03570752,-0.02993661,-0.02166756,-0.02350500
61146,20131209,PAR,-0.02150500,0.00200000,-0.02350500,-0.05649474,-0.06490188,-0.04471613,-0.02081000
61146,20131210,PAR,-0.02381000,-0.00300000,-0.02081000,-0.03639193,-0.04835337,-0.02170079,0.00724800
61146,20131211,PAR,-0.00375200,-0.01100000,0.00724800,0.01791140,-0.01813288,0.00793369,0.03224900
61146,20131212,PAR,0.02824900,-0.00400000,0.03224900,0.05060401,0.00519488,0.01241362,0.01098900
61146,20131213,PAR,0.01098900,-0.00000000,0.01098900,0.05828847,0.04315475,0.01249909,0.01392800
61146,20131216,PAR,0.01992800,0.00600000,0.01392800,0.02082768,0.06080005,-0.00696766,-0.00410500
61146,20131217,PAR,-0.00710500,-0.00300000,-0.00410500,-0.00553962,0.03866210,-0.01253012,-0.01521100
61146,20131218,PAR,0.00178900,0.01700000,-0.01521100,-0.00760677,0.01761739,-0.00126994,0.01171400
61146,20131219,PAR,0.01071400,-0.00100000,0.01171400,-0.00138523,0.00850088,0.01372959,0.00206700
61146,20131220,PAR,0.00706700,0.00500000,0.00206700,-0.01972945,-0.03907578,0.00385873,-0.03307000
61146,20131223,PAR,-0.02807000,0.00500000,-0.03307000,-0.02188935,-0.02566941,0.03565665,0.00963500
61146,20131224,PAR,0.01263500,0.00300000,0.00963500,-0.04989701,-0.03674532,0.00057116,-0.02639000
61146,20131226,PAR,-0.02139000,0.00500000,-0.02639000,-0.02967526,-0.06052276,-0.04480308,-0.01275000
61146,20131227,PAR,-0.01275000,-0.00000000,-0.01275000,-0.02817222,-0.05165108,-0.04472349,0.01107000
61146,20131230,PAR,0.01107000,-0.00000000,0.01107000,-0.01128511,-0.02829173,-0.06738598,-0.00947400
61146,20131231,PAR,-0.00547400,0.00400000,-0.00947400,-0.00787906,-0.04628380,-0.07211722,-0.00934900
61146,20140102,PAR,-0.01834900,-0.00900000,-0.00934900,-0.01503710,-0.01682170,-0.05305153,0.00373800
61146,20140103,PAR,0.00373800,-0.00000000,0.00373800,-0.01371551,-0.01227432,-0.07179116,-0.00817300
61146,20140106,PAR,-0.01117300,-0.00300000,-0.00817300,-0.00858980,-0.02712822,-0.07762538,-0.00411700
61146,20140107,PAR,0.00188300,0.00600000,-0.00411700,-0.01043050,-0.01597385,-0.04383507,0.00188000
61146,20140108,PAR,0.00188000,-0.00000000,0.00188000,-0.01164975,-0.01606622,-0.06174345,-0.00938100
61146,20140109,PAR,-0.00938100,0.00000000,-0.00938100,-0.01703759,-0.02919657,-0.04546401,-0.00957600
61146,20140110,PAR,-0.00757600,0.00200000,-0.00957600,-0.02649739,-0.02880599,-0.04043318,-0.00799200
61146,20140113,PAR,-0.02099200,-0.01300000,-0.00799200,-0.02447344,-0.03180691,-0.05800245,-0.00710100
61146,20140114,PAR,0.00389900,0.01100000,-0.00710100,0.00860466,-0.01048028,-0.02630088,0.02412600
61146,20140115,PAR,0.02912600,0.00500000,0.02412600,-0.01698787,-0.03414958,-0.04983079,-0.03296200
61146,20140116,PAR,-0.03396200,-0.00100000,-0.03296200,0.00972982,-0.00546885,-0.03446985,0.01962500
61146,20140117,PAR,0.01562500,-0.00400000,0.01962500,0.03031318,0.04836692,0.01751775,0.04507700
61146,20140121,PAR,0.04807700,0.00300000,0.04507700,0.06055962,0.05038683,0.01684320,-0.00467000
61146,20140122,PAR,-0.00367000,0.00100000,-0.00467000,0.00503303,-0.00886379,-0.01918934,-0.03335700
61146,20140123,PAR,-0.04235700,-0.00900000,-0.03335700,-0.04271876,0.01810499,-0.01557475,-0.00592300
61146,20140124,PAR,-0.02692300,-0.02100000,-0.00592300,-0.03347768,0.00387472,-0.00145528,0.00500000
61146,20140127,PAR,0.00000000,-0.00500000,0.00500000,0.04312698,0.00404524,0.05131512,0.04538300
61146,20140128,PAR,0.05138300,0.00600000,0.04538300,0.04856519,0.00727384,0.05611215,-0.00127800
61146,20140129,PAR,-0.01127800,-0.01000000,-0.00127800,0.05436873,0.05186990,0.04219744,0.00991200
61146,20140130,PAR,0.02091200,0.01100000,0.00991200,0.02203255,0.07331974,0.09049039,0.01344900
61146,20140131,PAR,0.00744900,-0.00600000,0.01344900,0.03338833,0.07750116,0.07920344,0.01006100
61146,20140203,PAR,-0.01293900,-0.02300000,0.01006100,0.04530217,0.05405665,0.05673066,0.02196300
61146,20140204,PAR,0.02996300,0.00800000,0.02196300,0.02824417,0.05222788,0.05777710,-0.00345500
61146,20140205,PAR,-0.00545500,-0.00200000,-0.00345500,-0.01618336,0.00760296,0.05913387,-0.03393800
61146,20140206,PAR,-0.02193800,0.01200000,-0.03393800,-0.07583336,-0.04453938,0.02625468,-0.03916800
61146,20140207,PAR,-0.02616800,0.01300000,-0.03916800,-0.08570680,-0.06893326,0.00733834,-0.01351600
61146,20140210,PAR,-0.01151600,0.00200000,-0.01351600,-0.05609731,-0.09279232,-0.03990609,-0.00323300
61146,20140211,PAR,0.00776700,0.01100000,-0.00323300,-0.04373190,-0.11528770,-0.06565147,-0.02697500
61146,20140212,PAR,-0.02697500,-0.00000000,-0.02697500,-0.03648361,-0.08842276,-0.08024454,-0.00600000
61146,20140213,PAR,0.00000000,0.00600000,-0.00600000,-0.04571233,-0.06258330,-0.10588673,-0.01292100
61146,20140214,PAR,-0.00792100,0.00500000,-0.01292100,-0.01006118,-0.04064965,-0.10973402,0.00898000
61146,20140218,PAR,0.00998000,0.00100000,0.00898000,-0.02866663,-0.06083417,-0.15065760,-0.02462100
61146,20140219,PAR,-0.03162100,-0.00700000,-0.02462100,-0.03788215,-0.05653229,-0.16874593,-0.02232700
61146,20140220,PAR,-0.01632700,0.00600000,-0.02232700,-0.04834407,-0.05245267,-0.13819476,-0.00214900
61146,20140221,PAR,-0.00414900,-0.00200000,-0.00214900,-0.02021595,-0.03588137,-0.09733416,0.00441700
61146,20140224,PAR,0.01041700,0.00600000,0.00441700,-0.00505770,-0.05134598,-0.09117712,-0.00724700
61146,20140225,PAR,-0.00824700,-0.00100000,-0.00724700,0.01583997,-0.00900151,-0.06988033,0.01871100
61146,20140226,PAR,0.01871100,0.00000000,0.01871100,0.04755138,0.05009299,-0.00917302,0.03581600
61146,20140227,PAR,0.04081600,0.00500000,0.03581600,0.02732804,0.02445167,-0.02989595,-0.02652900
61146,20140228,PAR,-0.02352900,0.00300000,-0.02652900,0.02149007,0.03303210,-0.00390269,0.01302400
61146,20140303,PAR,0.00602400,-0.00700000,0.01302400,-0.02856539,0.02560671,-0.02782457,-0.01500000
61146,20140304,PAR,0.00000000,0.01500000,-0.01500000,0.02624135,0.03504698,0.02590171,0.02794400
61146,20140305,PAR,0.02794400,-0.00000000,0.02794400,0.01291032,-0.00117527,0.04949767,-0.00005800
61146,20140306,PAR,0.00194200,0.00200000,-0.00005800,0.02095017,0.01919980,0.04463851,-0.00681400
61146,20140307,PAR,-0.00581400,0.00100000,-0.00681400,-0.00300145,0.00989752,0.04385227,0.00389900
61146,20140310,PAR,0.00389900,-0.00000000,0.00389900,-0.01343664,0.01398946,0.04012631,-0.01053400
61146,20140311,PAR,-0.01553400,-0.00500000,-0.01053400,-0.00474668,-0.01157911,0.02280656,0.00197200
61146,20140312,PAR,0.00197200,0.00000000,0.00197200,0.02276482,0.01983272,0.01890954,0.03168500
61146,20140313,PAR,0.01968500,-0.01200000,0.03168500,0.02482558,0.01793985,0.03729813,-0.00858300
61146,20140314,PAR,-0.01158300,-0.00300000,-0.00858300,0.01298774,0.00426248,0.01417927,-0.01000000
61146,20140317,PAR,0.00000000,0.01000000,-0.01000000,-0.03525456,-0.00185123,0.01214195,-0.01676600
61146,20140318,PAR,-0.00976600,0.00700000,-0.01676600,-0.01487437,0.00809708,-0.00354391,0.01191700
61146,20140319,PAR,0.00591700,-0.00600000,0.01191700,-0.03821432,-0.05645383,-0.03656260,-0.03345100
61146,20140320,PAR,-0.02745100,0.00600000,-0.03345100,-0.07980457,-0.10577967,-0.08738278,-0.05950000
61146,20140321,PAR,-0.06250000,-0.00300000,-0.05950000,-0.05482945,-0.05947016,-0.05486581,0.03940900
61146,20140324,PAR,0.03440900,-0.00500000,0.03940900,0.00401744,-0.01764323,-0.01948695,0.02718500
61146,20140325,PAR,0.03118500,0.00400000,0.02718500,0.04887311,-0.04592562,-0.03805025,-0.01719400
61146,20140326,PAR,-0.02419400,-0.00700000,-0.01719400,0.00086313,-0.02130770,-0.07612453,-0.00833100
61146,20140327,PAR,-0.01033100,-0.00200000,-0.00833100,0.00604591,0.07386330,-0.03816297,0.03257800
61146,20140328,PAR,0.03757800,0.00500000,0.03257800,-0.00068452,0.00867787,-0.05179064,-0.02409700
61146,20140331,PAR,-0.01609700,0.00800000,-0.02409700,0.00909561,-0.01701427,-0.03448180,0.00118000
61146,20140401,PAR,0.00818000,0.00700000,0.00118000,-0.01810116,0.00571349,-0.04147451,0.00511400
61146,20140402,PAR,0.00811400,0.00300000,0.00511400,0.01143926,0.01958475,-0.00286657,0.00502400
61146,20140403,PAR,0.00402400,-0.00100000,0.00502400,0.01001506,-0.01291537,0.06034433,-0.00002600
61146,20140404,PAR,-0.01302600,-0.01300000,-0.00002600,0.01678449,0.02324105,0.03217473,0.01201500
61146,20140407,PAR,0.00101500,-0.01100000,0.01201500,0.00792820,0.01799532,0.00117836,-0.00400000
61146,20140408,PAR,0.00000000,0.00400000,-0.00400000,-0.00286358,0.00211409,0.00782630,-0.01100000
61146,20140409,PAR,0.00000000,0.01100000,-0.01100000,-0.01602005,-0.00406892,0.01475880,-0.00129200
61146,20140410,PAR,-0.02229200,-0.02100000,-0.00129200,-0.01534414,-0.00745497,-0.01996642,-0.00346900
61146,20140411,PAR,-0.01246900,-0.00900000,-0.00346900,-0.02460390,-0.03931617,-0.01656726,-0.02060500
61146,20140414,PAR,-0.01260500,0.00800000,-0.02060500,-0.02461341,-0.03619716,-0.01828050,-0.00061700
61146,20140415,PAR,0.00638300,0.00700000,-0.00061700,0.00210469,-0.00275767,-0.00063271,0.02382700
61146,20140416,PAR,0.03382700,0.01000000,0.02382700,0.00318967,-0.02116594,-0.02458335,-0.01940500
61146,20140417,PAR,-0.01840500,0.00100000,-0.01940500,0.02934402,0.00747904,-0.00045266,0.02516700
61146,20140421,PAR,0.02916700,0.00400000,0.02516700,0.00120126,0.02481643,-0.01668949,-0.00400000
61146,20140422,PAR,0.00000000,0.00400000,-0.00400000,0.02316717,0.02732206,-0.01060161,0.00200000
61146,20140423,PAR,0.00000000,-0.00200000,0.00200000,-0.00601993,-0.00083940,-0.00361514,-0.00402400
61146,20140424,PAR,-0.00202400,0.00200000,-0.00402400,0.00294315,0.02401086,0.00274590,0.00495700
61146,20140425,PAR,-0.00304300,-0.00800000,0.00495700,0.00505817,0.00307224,0.01065962,0.00412100
61146,20140428,PAR,0.00712100,0.00300000,0.00412100,-0.01212211,-0.01411747,0.00997673,-0.02116200
61146,20140429,PAR,-0.01616200,0.00500000,-0.02116200,-0.02833397,-0.02722482,-0.00097606,-0.01121400
61146,20140430,PAR,-0.00821400,0.00300000,-0.01121400,-0.00801556,0.00110501,0.00027217,0.02484500
61146,20140501,PAR,0.02484500,-0.00000000,0.02484500,-0.01226452,-0.02935764,-0.00580936,-0.02526300
61146,20140502,PAR,-0.02626300,-0.00100000,-0.02526300,-0.01756145,-0.04942613,-0.04642622,-0.01652300
61146,20140505,PAR,-0.01452300,0.00200000,-0.01652300,-0.07683826,-0.06478113,-0.07790953,-0.03731600
61146,20140506,PAR,-0.04631600,-0.00900000,-0.03731600,-0.04665823,-0.04763100,-0.07373911,0.00724500
61146,20140507,PAR,0.01324500,0.00600000,0.00724500,-0.04858114,-0.08785311,-0.08710780,-0.01860800
61146,20140508,PAR,-0.01960800,-0.00100000,-0.01860800,0.03493850,-0.02068425,-0.04964022,0.04688900
61146,20140509,PAR,0.04888900,0.00200000,0.04688900,0.03474354,0.00260551,-0.04731737,0.00694900
61146,20140512,PAR,0.01694900,0.01000000,0.00694900,0.06353526,0.05135805,-0.01811478,0.00833300
61146,20140513,PAR,0.00833300,0.00000000,0.00833300,0.01835472,0.04633425,-0.00388265,0.00293400
61146,20140514,PAR,-0.00206600,-0.00500000,0.00293400,0.00353822,0.05765826,-0.03525183,-0.00756300
61146,20140515,PAR,-0.01656300,-0.00900000,-0.00756300,-0.02717862,-0.01260071,-0.03302124,-0.02294700
61146,20140516,PAR,-0.01894700,0.00400000,-0.02294700,-0.03413993,-0.02311545,-0.02076902,-0.00400000
61146,20140519,PAR,0.00000000,0.00400000,-0.00400000,0.00645361,0.00168468,0.05254097,0.03389700
61146,20140520,PAR,0.02789700,-0.00600000,0.03389700,0.04768804,0.01566972,0.06286470,0.01705200
61146,20140521,PAR,0.02505200,0.00800000,0.01705200,0.01535670,-0.01200383,0.04567966,-0.03458700
61146,20140522,PAR,-0.03258700,0.00200000,-0.03458700,-0.05998596,-0.03131778,-0.04367165,-0.04189500
61146,20140523,PAR,-0.03789500,0.00400000,-0.04189500,-0.09554751,-0.04835501,-0.07038418,-0.02131700
61146,20140527,PAR,-0.01531700,0.00600000,-0.02131700,-0.08269799,-0.10054031,-0.09778484,-0.02122200
61146,20140528,PAR,-0.02222200,-0.00100000,-0.02122200,-0.02314764,-0.09755377,-0.08324779,0.02000000
61146,20140529,PAR,0.02500000,0.00500000,0.02000000,-0.05266992,-0.11292953,-0.12512643,-0.05078100
61146,20140530,PAR,-0.04878100,0.00200000,-0.05078100,-0.03529029,-0.07650849,-0.10675730,-0.00333100
61146,20140602,PAR,-0.00233100,0.00100000,-0.00333100,-0.05178342,-0.05367639,-0.10052731,0.00233600
61146,20140603,PAR,0.00233600,-0.00000000,0.00233600,0.00865251,-0.02367040,-0.12329219,0.00965500
61146,20140604,PAR,0.01165500,0.00200000,0.00965500,0.00033171,-0.05417227,-0.14848765,-0.01160800
61146,20140605,PAR,-0.00460800,0.00700000,-0.01160800,-0.00030574,-0.00132029,-0.11582416,0.00171300
61146,20140606,PAR,0.00671300,0.00500000,0.00171300,-0.02226330,-0.01040034,-0.08740207,-0.01226700
61146,20140609,PAR,-0.01126700,0.00100000,-0.01226700,-0.01989361,-0.02206551,-0.07552123,-0.00930200
61146,20140610,PAR,-0.00930200,-0.00000000,-0.00930200,-0.01516130,-0.02512366,-0.04866435,0.00634700
61146,20140611,PAR,0.00234700,-0.00400000,0.00634700,0.00166953,-0.00885617,-0.06238269,0.00465800
61146,20140612,PAR,-0.00234200,-0.00700000,0.00465800,-0.00842754,-0.02954752,-0.03126491,-0.01943200
61146,20140613,PAR,-0.01643200,0.00300000,-0.01943200,-0.02343893,-0.02624324,-0.03669327,-0.00887600
61146,20140616,PAR,-0.00787600,0.00100000,-0.00887600,0.01276798,0.02380547,0.00168442,0.04202200
61146,20140617,PAR,0.04402200,0.00200000,0.04202200,0.01522623,0.00006423,-0.02523534,-0.01721700
61146,20140618,PAR,-0.00921700,0.00800000,-0.01721700,0.01615611,-0.01272687,-0.02153976,-0.00797700
61146,20140619,PAR,-0.00697700,0.00100000,-0.00797700,-0.06171818,-0.03076877,-0.05960685,-0.03712900
61146,20140620,PAR,-0.03512900,0.00200000,-0.03712900,-0.04486296,-0.02194981,-0.04780551,0.00000000
61146,20140623,PAR,0.00000000,-0.00000000,0.00000000,-0.00535596,-0.03030652,-0.00695209,0.03269900
61146,20140624,PAR,0.02669900,-0.00600000,0.03269900,0.03986447,-0.00662104,-0.00660319,0.00682000
61146,20140625,PAR,0.01182000,0.00500000,0.00682000,0.02144552,-0.01636149,-0.02912633,-0.01769200
61146,20140626,PAR,-0.01869200,-0.00100000,-0.01769200,0.00108874,0.03401303,0.00267700,0.01228600
61146,20140627,PAR,0.01428600,0.00200000,0.01228600,-0.01969017,0.01944943,-0.00267279,-0.01408500
61146,20140630,PAR,-0.01408500,-0.00000000,-0.01408500,-0.00187110,-0.01304578,-0.04341698,0.00014300
61146,20140701,PAR,0.00714300,0.00700000,0.00014300,-0.01974432,-0.02536846,-0.03193116,-0.00572800
61146,20140702,PAR,-0.00472800,0.00100000,-0.00572800,-0.01066582,-0.01269206,-0.02909209,-0.00500000
61146,20140703,PAR,0.00000000,0.00500000,-0.00500000,-0.03271349,-0.04655348,-0.01381639,-0.02212800
61146,20140707,PAR,-0.02612800,-0.00400000,-0.02212800,-0.04385381,-0.04955012,-0.03102521,-0.01739000
61146,20140708,PAR,-0.02439000,-0.00700000,-0.01739000,-0.02010085,-0.03067419,-0.04371918,0.02000000
61146,20140709,PAR,0.02500000,0.00500000,0.02000000,-0.01348486,-0.04007713,-0.06466193,-0.01551200
61146,20140710,PAR,-0.01951200,-0.00400000,-0.01551200,-0.00198073,-0.04086769,-0.05354266,-0.00597500
61146,20140711,PAR,-0.00497500,0.00100000,-0.00597500,-0.01905383,-0.01701453,-0.06292626,0.00250000
61146,20140714,PAR,0.00750000,0.00500000,0.00250000,-0.02638108,-0.02247674,-0.07120317,-0.02281400
61146,20140715,PAR,-0.02481400,-0.00200000,-0.02281400,-0.02200153,-0.04300064,-0.07247532,-0.00145500
61146,20140716,PAR,0.00254500,0.00400000,-0.00145500,-0.01478155,-0.01830036,-0.05738780,0.00946200
61146,20140717,PAR,-0.00253800,-0.01200000,0.00946200,-0.00950491,-0.02986700,-0.06944382,-0.01763400
61146,20140718,PAR,-0.00763400,0.01000000,-0.01763400,-0.00857485,-0.03260738,-0.04902894,-0.00056400
61146,20140721,PAR,-0.00256400,-0.00200000,-0.00056400,-0.00156980,0.00658358,-0.01611777,0.01685100
61146,20140722,PAR,0.02185100,0.00500000,0.01685100,0.00013282,-0.00794126,-0.05075521,-0.01583600
61146,20140723,PAR,-0.01383600,0.00200000,-0.01583600,-0.00186808,-0.02013479,-0.03825973,-0.00255100
61146,20140724,PAR,-0.00255100,0.00000000,-0.00255100,-0.00579417,0.01028640,-0.01983690,0.01267300
61146,20140725,PAR,0.00767300,-0.00500000,0.01267300,0.00686298,0.00761502,-0.02532130,-0.00322300
61146,20140728,PAR,-0.00322300,0.00000000,-0.00322300,0.01713735,-0.00131154,0.00520438,0.00772500
61146,20140729,PAR,0.00272500,-0.00500000,0.00772500,0.00753866,0.01762904,0.00967752,0.00304700
61146,20140730,PAR,0.00304700,0.00000000,0.00304700,0.01794911,0.02721914,0.00754535,0.00734200
61146,20140731,PAR,-0.01265800,-0.02000000,0.00734200,-0.00956391,-0.00516892,0.00477824,-0.02007700
61146,20140801,PAR,-0.02307700,-0.00300000,-0.02007700,-0.02187424,-0.01139396,-0.00404828,-0.00962500
61146,20140804,PAR,-0.00262500,0.00700000,-0.00962500,-0.02470861,-0.01418251,-0.01532805,0.00473700
61146,20140805,PAR,-0.00526300,-0.01000000,0.00473700,0.00044520,-0.01203510,0.00504454,0.00529100
61146,20140806,PAR,0.00529100,0.00000000,0.00529100,0.05804511,0.02740853,0.05423030,0.04810500
61146,20140807,PAR,0.04210500,-0.00600000,0.04810500,0.06285477,0.05752724,0.05044558,0.00820200
61146,20140808,PAR,0.02020200,0.01200000,0.00820200,0.12789605,0.13798569,0.12213209,0.06630700
61146,20140811,PAR,0.06930700,0.00300000,0.06630700,0.08421632,0.14254266,0.12254278,0.00778700
61146,20140812,PAR,0.00578700,-0.00200000,0.00778700,0.05883101,0.12023415,0.10346499,-0.01505500
61146,20140813,PAR,-0.00805500,0.00700000,-0.01505500,-0.05530244,0.01622654,0.04454736,-0.04808400
61146,20140814,PAR,-0.04408400,0.00400000,-0.04808400,-0.08352557,-0.01450873,0.04283489,-0.02184500
61146,20140815,PAR,-0.02184500,-0.00000000,-0.02184500,-0.06408104,-0.07132846,0.05939223,0.00588800
61146,20140818,PAR,0.01488800,0.00900000,0.00588800,-0.02618152,-0.08851973,0.04438786,-0.00989000
61146,20140819,PAR,-0.00489000,0.00500000,-0.00989000,0.01866607,-0.05262101,0.06297203,0.02257000
61146,20140820,PAR,0.02457000,0.00200000,0.02257000,0.01197371,-0.00455891,0.01179370,-0.00060200
61146,20140821,PAR,0.00239800,0.00300000,-0.00060200,0.03631627,0.03254465,0.01770749,0.01396200
61146,20140822,PAR,0.01196200,-0.00200000,0.01396200,0.03237090,0.04562920,-0.02905954,0.01864100
61146,20140825,PAR,0.02364100,0.00500000,0.01864100,0.02122318,0.04390563,-0.04819134,-0.01130000
61146,20140826,PAR,-0.01030000,0.00100000,-0.01130000,-0.00836841,0.00498632,-0.04816527,-0.01526100
61146,20140827,PAR,-0.01526100,0.00000000,-0.01526100,-0.01054508,0.02193936,0.01769089,0.01621800
61146,20140828,PAR,0.01421800,-0.00200000,0.01621800,-0.00458808,0.00245134,0.03534562,-0.00533700
61146,20140829,PAR,-0.00233700,0.00300000,-0.00533700,0.06161741,0.03364844,0.08129745,0.05018000
61146,20140902,PAR,0.04918000,-0.00100000,0.05018000,0.03872419,0.03941611,0.08536362,-0.00569600
61146,20140903,PAR,-0.00669600,-0.00100000,-0.00569600,0.10001343,0.11200872,0.11832320,0.05368500
61146,20140904,PAR,0.05168500,-0.00200000,0.05368500,0.03819105,0.08479561,0.10885116,-0.00927400
61146,20140905,PAR,-0.00427400,0.00500000,-0.00927400,0.09215342,0.14019100,0.14396310,0.04591900
61146,20140908,PAR,0.04291900,-0.00300000,0.04591900,0.06272074,0.11292207,0.15021271,0.02551800
61146,20140909,PAR,0.01851800,-0.00700000,0.02551800,0.10043961,0.14911337,0.19413670,0.02630300
61146,20140910,PAR,0.03030300,0.00400000,0.02630300,0.02877905,0.06628847,0.18551728,-0.02256900
61146,20140911,PAR,-0.02156900,0.00100000,-0.02256900,0.00506601,0.07751802,0.16826366,0.00199200
61146,20140912,PAR,-0.00400800,-0.00600000,0.00199200,-0.08223442,-0.03419963,0.10000266,-0.06338600
61146,20140915,PAR,-0.06438600,-0.00100000,-0.06338600,-0.06408509,-0.06152666,0.04550081,-0.00269900
61146,20140916,PAR,0.00430100,0.00700000,-0.00269900,-0.03315541,-0.05293826,0.08873458,0.03540300
61146,20140917,PAR,0.03640300,0.00100000,0.03540300,0.08308210,0.01548152,0.08319066,0.04809900
61146,20140918,PAR,0.05309900,0.00500000,0.04809900,0.11605122,0.04229271,0.12355704,0.02805600
61146,20140919,PAR,0.02805600,-0.00000000,0.02805600,0.05056060,0.08538010,0.04732211,-0.02444300
61146,20140922,PAR,-0.03244300,-0.00800000,-0.02444300,-0.00311652,0.08083650,0.01523135,-0.00583400
61146,20140923,PAR,-0.01183400,-0.00600000,-0.00583400,-0.03992911,0.03394497,-0.02066591,-0.01019600
61146,20140924,PAR,-0.00219600,0.00800000,-0.01019600,-0.02773587,-0.02492417,-0.01031718,-0.01220600
61146,20140925,PAR,-0.02820600,-0.01600000,-0.01220600,-0.02874382,-0.05744717,-0.01883213,-0.00653000
61146,20140926,PAR,0.00247000,0.00900000,-0.00653000,-0.03968813,-0.05492690,0.02479275,-0.02164100
61146,20140929,PAR,-0.02464100,-0.00300000,-0.02164100,0.00569015,-0.01676023,0.06243592,0.03457900
61146,20140930,PAR,0.03157900,-0.00300000,0.03457900,0.01891337,0.00011663,0.03318551,0.00687800
61146,20141001,PAR,-0.00612200,-0.01300000,0.00687800,0.03701397,0.00843652,-0.01663193,-0.00410700
61146,20141002,PAR,-0.00410700,0.00000000,-0.00410700,-0.00806087,0.00401438,-0.05324971,-0.01100000
61146,20141003,PAR,0.00000000,0.01100000,-0.01100000,-0.01719211,0.02396840,-0.03207990,-0.00212400
61146,20141006,PAR,-0.00412400,-0.00200000,-0.00212400,-0.02064745,-0.01765782,-0.03371061,-0.00777400
61146,20141007,PAR,-0.02277400,-0.01500000,-0.00777400,0.00829971,-0.00683751,-0.00654318,0.01880500
61146,20141008,PAR,0.03580500,0.01700000,0.01880500,-0.02832682,-0.04105929,-0.03264362,-0.03811200
61146,20141009,PAR,-0.05911200,-0.02100000,-0.03811200,-0.06308069,-0.07107341,-0.06689568,-0.04334800
61146,20141010,PAR,-0.05434800,-0.01100000,-0.04334800,-0.07730461,-0.06827317,-0.04654755,-0.00009200
61146,20141013,PAR,-0.01609200,-0.01600000,-0.00009200,-0.00990540,-0.03019595,-0.04623024,0.03538300
61146,20141014,PAR,0.03738300,0.00200000,0.03538300,0.06789676,-0.01634683,-0.02288578,0.03277500
61146,20141015,PAR,0.02477500,-0.00800000,0.03277500,0.05508131,0.00876522,-0.03140412,-0.01318700
61146,20141016,PAR,-0.01318700,0.00000000,-0.01318700,0.02663611,0.06207858,-0.01474046,0.00704500
61146,20141017,PAR,0.02004500,0.01300000,0.00704500,0.03502587,0.10786393,0.02621797,0.04121800
61146,20141020,PAR,0.05021800,0.00900000,0.04121800,0.00643870,0.02659230,-0.00621443,-0.04079000
61146,20141021,PAR,-0.02079000,0.02000000,-0.04079000,-0.01542528,-0.02207406,-0.03746671,-0.01423100
61146,20141022,PAR,-0.02123100,-0.00700000,-0.01423100,-0.05177091,-0.00507840,0.00422623,0.00346600
61146,20141023,PAR,0.01546600,0.01200000,0.00346600,0.01543803,0.01507076,0.08052115,0.02668700
61146,20141024,PAR,0.03368700,0.00700000,0.02668700,0.04998133,-0.00746437,0.10272463,0.01853200
61146,20141027,PAR,0.01653200,-0.00200000,0.01853200,0.08521171,0.07349551,0.10514339,0.03699400
61146,20141028,PAR,0.04899400,0.01200000,0.03699400,0.05530328,0.08891473,0.06739025,-0.00093800
61146,20141029,PAR,-0.00193800,-0.00100000,-0.00093800,0.01974212,0.06731529,0.06499258,-0.01570900
61146,20141030,PAR,-0.00970900,0.00600000,-0.01570900,-0.02112400,0.03479574,0.05224412,-0.00435300
61146,20141031,PAR,0.00764700,0.01200000,-0.00435300,-0.02001361,0.01566967,0.00834199,0.00019500
61146,20141103,PAR,0.00019500,-0.00000000,0.00019500,-0.00308066,-0.01981607,0.05281534,0.00105500
61146,20141104,PAR,-0.00194500,-0.00300000,0.00105500,-0.00084024,-0.02110692,0.06721224,-0.00210100
61146,20141105,PAR,0.00389900,0.00600000,-0.00210100,-0.00893808,-0.01319367,0.05422581,-0.00788300
61146,20141106,PAR,-0.00388300,0.00400000,-0.00788300,-0.00417510,-0.00290562,0.03195335,0.00584800
61146,20141107,PAR,0.00584800,0.00000000,0.00584800,-0.03807961,-0.03919664,-0.02513107,-0.03594600
61146,20141110,PAR,-0.03294600,0.00300000,-0.03594600,-0.02934434,-0.03940765,-0.05927338,0.00100400
61146,20141111,PAR,0.00200400,0.00100000,0.00100400,-0.04369698,-0.04584563,-0.06710058,-0.00900000
61146,20141112,PAR,-0.01000000,-0.00100000,-0.00900000,0.00100488,-0.02934344,-0.04276257,0.00910100
61146,20141113,PAR,0.01010100,0.00100000,0.00910100,0.01600093,-0.01950625,-0.02250324,0.01600000
61146,20141114,PAR,0.01600000,0.00000000,0.01600000,0.06870582,0.06012397,0.01909441,0.04230700
61146,20141117,PAR,0.04330700,0.00100000,0.04230700,0.04799525,0.04799616,0.00713566,-0.01066000
61146,20141118,PAR,-0.00566000,0.00500000,-0.01066000,0.06490539,0.09197341,0.04232693,0.03236100
61146,20141119,PAR,0.03036100,-0.00200000,0.03236100,0.00821221,0.06799954,0.03675682,-0.01305000
61146,20141120,PAR,-0.01105000,0.00200000,-0.01305000,0.01777425,0.04999269,0.02949617,-0.00127600
61146,20141121,PAR,0.00372400,0.00500000,-0.00127600,0.01206815,0.03411943,0.09714771,0.02668500
61146,20141124,PAR,0.02968500,0.00300000,0.02668500,0.03582351,0.05561586,0.10695140,0.01000900
61146,20141125,PAR,0.00900900,-0.00100000,0.01000900,0.06549817,0.05056658,0.14855156,0.02735700
61146,20141126,PAR,0.03035700,0.00300000,0.02735700,0.02263048,0.04886783,0.12095948,-0.01433100
61146,20141128,PAR,-0.01733100,-0.00300000,-0.01433100,0.04808057,0.08665920,0.14168889,0.03521900
61146,20141201,PAR,0.02821900,-0.00700000,0.03521900,0.01079831,0.04871678,0.08506426,-0.00960200
61146,20141202,PAR,-0.00360200,0.00600000,-0.00960200,-0.01882690,-0.00651640,0.04885518,-0.04342200
61146,20141203,PAR,-0.03942200,0.00400000,-0.04342200,-0.02623560,-0.00594677,0.04419410,0.02781000
61146,20141204,PAR,0.02681000,-0.00100000,0.02781000,-0.01688061,0.00839070,0.05792054,-0.00018500
61146,20141205,PAR,0.00181500,0.00200000,-0.00018500,0.02749636,-0.02627082,0.05858652,0.00001400
61146,20141208,PAR,-0.00698600,-0.00700000,0.00001400,0.01730131,0.00048359,0.04912389,0.01756200
61146,20141209,PAR,0.01756200,-0.00000000,0.01756200,-0.00324418,0.02370504,0.01724676,-0.02020700
61146,20141210,PAR,-0.03620700,-0.01600000,-0.02020700,0.00232519,0.00214533,-0.00372109,0.00573300
61146,20141211,PAR,0.01073300,0.00500000,0.00573300,0.00104005,0.01803473,0.02636518,0.01600000
61146,20141212,PAR,0.00000000,-0.01600000,0.01600000,0.02400778,0.02031983,-0.00554431,0.00230100
61146,20141215,PAR,-0.00369900,-0.00600000,0.00230100,0.02310958,0.00816873,0.00862008,0.00506900
61146,20141216,PAR,-0.00293100,-0.00800000,0.00506900,-0.02348515,-0.00179839,0.02177601,-0.03117100
61146,20141217,PAR,-0.01117100,0.02000000,-0.03117100,-0.02885793,-0.00988859,-0.00757707,-0.00236000
61146,20141218,PAR,0.02164000,0.02400000,-0.00236000,-0.04660234,-0.03859658,-0.01932442,-0.01205500
61146,20141219,PAR,-0.00705500,0.00500000,-0.01205500,-0.00979504,-0.03642756,-0.01473131,0.00488100
61146,20141222,PAR,0.00888100,0.00400000,0.00488100,0.04010832,0.00588763,0.01432365,0.04729600
61146,20141223,PAR,0.04929600,0.00200000,0.04729600,0.02862817,0.01426534,0.01230113,-0.02265100
61146,20141224,PAR,-0.02265100,-0.00000000,-0.02265100,0.04957156,0.04236603,0.03248829,0.02532600
61146,20141226,PAR,0.02832600,0.00300000,0.02532600,0.03291004,0.08765651,0.04836235,0.03072000
61146,20141229,PAR,0.03172000,0.00100000,0.03072000,0.05166081,0.07648413,0.04071243,-0.00470900
61146,20141230,PAR,-0.00970900,-0.00500000,-0.00470900,0.04067636,0.04288608,0.05136341,0.01490200
61146,20141231,PAR,0.00490200,-0.01000000,0.01490200,-0.01903055,0.03589988,0.05178770,-0.02926800
61146,20150102,PAR,-0.02926800,-0.00000000,-0.02926800,-0.00976109,0.01501989,0.05689003,0.00460000
61146,20150105,PAR,-0.01340000,-0.01800000,0.00460000,-0.02356798,-0.01362911,0.06906814,0.00051100
61146,20150106,PAR,-0.00848900,-0.00900000,0.00051100,0.00846026,-0.00603663,0.06806711,0.00341100
61146,20150107,PAR,0.01541100,0.01200000,0.00341100,-0.01245541,-0.03671313,0.00511265,-0.01631400
61146,20150108,PAR,0.00168600,0.01800000,-0.01631400,-0.01341341,-0.00794735,0.02755892,-0.00041800
61146,20150109,PAR,-0.00841800,-0.00800000,-0.00041800,-0.01189643,-0.00807107,0.00715376,0.00460400
61146,20150112,PAR,-0.00339600,-0.00800000,0.00460400,0.00878673,-0.00390850,-0.01746919,0.00470400
61146,20150113,PAR,0.00170400,-0.00300000,0.00470400,0.01860765,0.00216063,-0.00389949,0.00940100
61146,20150114,PAR,0.00340100,-0.00600000,0.00940100,0.01960464,0.02344991,-0.01283214,0.00561000
61146,20150115,PAR,-0.00339000,-0.00900000,0.00561000,0.01404472,0.02327927,0.01512401,-0.00109500
61146,20150116,PAR,0.01190500,0.01300000,-0.00109500,0.01783801,0.03210501,0.02395026,0.01312600
61146,20150120,PAR,0.01512600,0.00200000,0.01312600,-0.02520308,-0.00995716,-0.01395283,-0.03645700
61146,20150121,PAR,-0.03145700,0.00500000,-0.03645700,-0.02043496,-0.01591502,-0.01361750,0.00380300
61146,20150122,PAR,0.01880300,0.01500000,0.00380300,-0.05471051,-0.04383174,-0.01923024,-0.02184600
61146,20150123,PAR,-0.02684600,-0.00500000,-0.02184600,-0.00440893,-0.02846018,-0.00500394,0.01424100
61146,20150126,PAR,0.01724100,0.00300000,0.01424100,-0.01689121,-0.04948851,-0.01866310,-0.00903400
61146,20150127,PAR,-0.02203400,-0.01300000,-0.00903400,0.02463178,0.00637165,-0.00348648,0.01993200
61146,20150128,PAR,0.00693200,-0.01300000,0.01993200,0.02117353,0.01303705,-0.00245778,0.01065400
61146,20150129,PAR,0.02065400,0.01000000,0.01065400,0.01089006,0.01562155,-0.02728457,-0.01904000
61146,20150130,PAR,-0.03204000,-0.01300000,-0.01904000,-0.03048312,-0.01933784,-0.04717286,-0.02171100
61146,20150202,PAR,-0.00871100,0.01300000,-0.02171100,-0.08296840,-0.05398312,-0.10158574,-0.04387700
61146,20150203,PAR,-0.02987700,0.01400000,-0.04387700,-0.08230686,-0.09043878,-0.08332199,-0.01773900
61146,20150204,PAR,-0.02173900,-0.00400000,-0.01773900,-0.04464772,-0.08395143,-0.07023264,0.01777800
61146,20150205,PAR,0.02777800,0.01000000,0.01777800,-0.00294131,-0.06853111,-0.05172876,-0.00240500
61146,20150206,PAR,-0.00540500,-0.00300000,-0.00240500,-0.00109004,-0.06212425,-0.07950063,-0.01592800
61146,20150209,PAR,-0.01992800,-0.00400000,-0.01592800,-0.03456556,-0.03528032,-0.08827027,-0.01654500
61146,20150210,PAR,-0.00554500,0.01100000,-0.01654500,-0.03666637,-0.02212220,-0.11226370,-0.00446100
61146,20150211,PAR,-0.00446100,-0.00000000,-0.00446100,-0.02295835,-0.04100145,-0.12349867,-0.00178500
61146,20150212,PAR,0.00821500,0.01000000,-0.00178500,0.01012310,-0.02290592,-0.09200469,0.01637000
61146,20150213,PAR,0.02037000,0.00400000,0.01637000,-0.00038498,-0.02169958,-0.08444858,-0.01470400
61146,20150217,PAR,-0.01270400,0.00200000,-0.01470400,-0.00600818,-0.01235094,-0.04788491,-0.00735300
61146,20150218,PAR,-0.00735300,-0.00000000,-0.00735300,-0.05362915,-0.04044407,-0.06256973,-0.03233300
61146,20150219,PAR,-0.03333300,-0.00100000,-0.03233300,-0.05830263,-0.05732821,-0.09723258,-0.01941000
61146,20150220,PAR,-0.01341000,0.00600000,-0.01941000,-0.06240071,-0.08322824,-0.10614376,-0.01165000
61146,20150223,PAR,-0.01165000,-0.00000000,-0.01165000,-0.03775301,-0.07602285,-0.09831778,-0.00692900
61146,20150224,PAR,-0.00392900,0.00300000,-0.00692900,-0.02141402,-0.07181510,-0.08451945,-0.00294500
61146,20150225,PAR,-0.00394500,-0.00100000,-0.00294500,-0.01278246,-0.04339869,-0.08302393,-0.00296000
61146,20150226,PAR,-0.00396000,-0.00100000,-0.00296000,-0.02656517,-0.04459328,-0.09974188,-0.02085700
61146,20150227,PAR,-0.02385700,-0.00300000,-0.02085700,-0.06138519,-0.07077784,-0.14894235,-0.03858700
61146,20150302,PAR,-0.03258700,0.00600000,-0.03858700,-0.06556251,-0.07092370,-0.14181655,-0.00763200
61146,20150303,PAR,-0.01263200,-0.00500000,-0.00763200,-0.05195684,-0.07417001,-0.14067380,-0.00666100
61146,20150304,PAR,-0.01066100,-0.00400000,-0.00666100,0.00798861,-0.05063614,-0.09197346,0.02270700
61146,20150305,PAR,0.02370700,0.00100000,0.02270700,0.02335838,-0.02268919,-0.06551126,0.00768400
61146,20150306,PAR,-0.00631600,-0.01400000,0.00768400,0.02846283,0.01375387,-0.05667120,-0.00188100
61146,20150309,PAR,0.00211900,0.00400000,-0.00188100,0.04078016,0.05667440,-0.01638301,0.03518200
61146,20150310,PAR,0.01818200,-0.01700000,0.03518200,0.00868630,0.03863621,-0.03660425,-0.02416300
61146,20150311,PAR,-0.02616300,-0.00200000,-0.02416300,0.00621272,0.01199585,-0.03848744,-0.00447100
61146,20150312,PAR,0.00852900,0.01300000,-0.00447100,-0.02276539,0.01034313,-0.01255971,0.00600000
61146,20150313,PAR,0.00000000,-0.00600000,0.00600000,-0.02743643,-0.01647416,-0.00262816,-0.02882000
61146,20150316,PAR,-0.01482000,0.01400000,-0.02882000,-0.06345426,-0.09129341,-0.03616944,-0.04140000
61146,20150317,PAR,-0.04440000,-0.00300000,-0.04140000,-0.09072128,-0.08985101,-0.05101734,-0.02163400
61146,20150318,PAR,-0.00963400,0.01200000,-0.02163400,-0.01891919,-0.04146397,-0.02915119,0.04579300
61146,20150319,PAR,0.04079300,-0.00500000,0.04579300,-0.00993876,-0.07998919,-0.06953490,-0.03296500
61146,20150320,PAR,-0.02396500,0.00900000,-0.03296500,-0.08586748,-0.14395647,-0.15847725,-0.09621400
61146,20150323,PAR,-0.09821400,-0.00200000,-0.09621400,-0.12294388,-0.10287801,-0.18713715,0.00352500
61146,20150324,PAR,-0.00247500,-0.00600000,0.00352500,-0.07757785,-0.06718412,-0.15131811,0.01500000
61146,20150325,PAR,0.00000000,-0.01500000,0.01500000,0.05257129,-0.07763554,-0.11613634,0.03425800
61146,20150326,PAR,0.03225800,-0.00200000,0.03425800,0.04229885,-0.05302068,-0.12837803,-0.00680800
61146,20150327,PAR,-0.00480800,0.00200000,-0.00680800,0.03515040,0.05371949,-0.09606382,0.00732400
61146,20150330,PAR,0.01932400,0.01200000,0.00732400,0.00231379,0.05185752,-0.05469599,0.00189100
61146,20150331,PAR,-0.00710900,-0.00900000,0.00189100,-0.01578867,0.01104874,-0.05701216,-0.02464000
61146,20150401,PAR,-0.02864000,-0.00400000,-0.02464000,0.00190657,0.00232956,-0.07590319,0.02548400
61146,20150402,PAR,0.02948400,0.00400000,0.02548400,-0.03323713,-0.02438878,-0.07608322,-0.03325300
61146,20150406,PAR,-0.02625300,0.00700000,-0.03325300,0.03030643,0.00644446,0.06023219,0.03876500
61146,20150407,PAR,0.03676500,-0.00200000,0.03876500,0.00369415,0.00370997,0.05612886,-0.00087200
61146,20150408,PAR,0.00212800,0.00300000,-0.00087200,0.01216003,0.00357615,0.01483806,-0.02499500
61146,20150409,PAR,-0.02099500,0.00400000,-0.02499500,-0.02859424,-0.02425147,-0.02205697,-0.00259000
61146,20150410,PAR,0.00241000,0.00500000,-0.00259000,-0.03204624,0.00483301,-0.01974710,-0.00461500
61146,20150413,PAR,-0.00961500,-0.00500000,-0.00461500,-0.03329963,-0.05864474,-0.05228123,-0.02627200
61146,20150414,PAR,-0.02427200,0.00200000,-0.02627200,-0.00918650,-0.03672543,-0.03340409,0.02236300
61146,20150415,PAR,0.02736300,0.00500000,0.02236300,-0.03998432,-0.04694167,-0.04426688,-0.03532000
61146,20150416,PAR,-0.03632000,-0.00100000,-0.03532000,-0.03523990,-0.06448158,-0.08802803,-0.02166300
61146,20150417,PAR,-0.03266300,-0.01100000,-0.02166300,-0.07680626,-0.08156166,-0.07750963,-0.02198700
61146,20150420,PAR,-0.01298700,0.00900000,-0.02198700,-0.02705393,-0.04068739,-0.09736418,0.01678900
61146,20150421,PAR,0.01578900,-0.00100000,0.01678900,0.01294263,-0.04446973,-0.08008425,0.01831600
61146,20150422,PAR,0.02331600,0.00500000,0.01831600,0.08610182,0.03882213,-0.00989251,0.04863300
61146,20150423,PAR,0.05063300,0.00200000,0.04863300,0.06610558,0.06083458,-0.00928214,-0.00200000
61146,20150424,PAR,0.00000000,0.00200000,-0.00200000,0.03292296,0.06970029,-0.01759987,-0.01286800
61146,20150427,PAR,-0.01686800,-0.00400000,-0.01286800,-0.00098640,0.06712622,0.02344148,0.01415700
61146,20150428,PAR,0.01715700,0.00300000,0.01415700,-0.07692047,-0.03441969,-0.07734374,-0.07792800
61146,20150429,PAR,-0.08192800,-0.00400000,-0.07792800,0.02080569,0.00575826,0.04432214,0.09136499
61146,20150430,PAR,0.08136500,-0.01000000,0.09136499,0.06817404,0.06918241,0.13515701,0.06181600
61146,20150501,PAR,0.07281600,0.01100000,0.06181600,0.11421831,0.04124134,0.11418094,-0.03919900
61146,20150504,PAR,-0.03619900,0.00300000,-0.03919900,0.09522352,0.10127859,0.17520012,0.07303300
61146,20150505,PAR,0.06103300,-0.01200000,0.07303300,0.00395080,0.16172919,0.12199443,-0.02697300
61146,20150506,PAR,-0.03097300,-0.00400000,-0.02697300,0.05661775,0.07825011,0.08345331,0.01198200
61146,20150507,PAR,0.01598200,0.00400000,0.01198200,-0.03289416,-0.00156660,0.06777889,-0.01749400
61146,20150508,PAR,-0.00449400,0.01300000,-0.01749400,-0.01881569,0.02530392,0.06748939,-0.01305900
61146,20150511,PAR,-0.01805900,-0.00500000,-0.01305900,-0.03187775,-0.04693001,0.05066020,-0.00159800
61146,20150512,PAR,-0.00459800,-0.00300000,-0.00159800,-0.01233109,-0.01806263,0.14240862,0.00231000
61146,20150513,PAR,0.00231000,-0.00000000,0.00231000,-0.00336952,-0.03394293,0.04283767,-0.00408800
61146,20150514,PAR,0.00691200,0.01100000,-0.00408800,-0.00046397,-0.01521771,-0.01682491,0.00128800
61146,20150515,PAR,0.00228800,0.00100000,0.00128800,-0.01387279,-0.01312893,0.01220130,-0.01096800
61146,20150518,PAR,-0.00796800,0.00300000,-0.01096800,-0.01444142,-0.01634215,-0.06324374,-0.00477700
61146,20150519,PAR,-0.00577700,-0.00100000,-0.00477700,-0.04665707,-0.04988513,-0.06772735,-0.03140700
61146,20150520,PAR,-0.03240700,-0.00100000,-0.03140700,-0.05410347,-0.06349646,-0.09643365,-0.01874600
61146,20150521,PAR,-0.01674600,0.00200000,-0.01874600,-0.05917997,-0.07404951,-0.08844647,-0.01016500
61146,20150522,PAR,-0.01216500,-0.00200000,-0.01016500,-0.04023400,-0.07434292,-0.08723074,-0.01216700
61146,20150526,PAR,-0.02216700,-0.01000000,-0.01216700,-0.06260514,-0.10901698,-0.12507309,-0.04174600
61146,20150527,PAR,-0.03274600,0.00900000,-0.04174600,0.00947799,-0.01943742,-0.06850154,0.06610400
61146,20150528,PAR,0.06510400,-0.00100000,0.06610400,0.02324523,0.00032813,-0.06254907,0.00111000
61146,20150529,PAR,-0.00489000,-0.00600000,0.00111000,0.04875824,-0.00671504,-0.07982281,-0.01723300
61146,20150601,PAR,-0.01523300,0.00200000,-0.01723300,0.00598624,0.02829097,-0.04871298,0.02245700
61146,20150602,PAR,0.02145700,-0.00100000,0.02245700,-0.00054300,0.06651474,-0.04945499,-0.00542000
61146,20150603,PAR,-0.00342000,0.00200000,-0.00542000,0.06215202,0.04499792,0.02482475,0.04453900
61146,20150604,PAR,0.03553900,-0.00900000,0.04453900,0.03878766,0.04387629,0.04377511,-0.00018300
61146,20150605,PAR,-0.00118300,-0.00100000,-0.00018300,0.02573488,0.04289249,0.03572848,-0.01769700
61146,20150608,PAR,-0.02369700,-0.00600000,-0.01769700,-0.04152681,-0.00411291,0.02365457,-0.02427200
61146,20150609,PAR,-0.02427200,0.00000000,-0.02427200,-0.03673410,0.00657305,0.07322441,0.00541300
61146,20150610,PAR,0.01741300,0.01200000,0.00541300,-0.03101437,-0.04835203,-0.00463814,-0.01178000
61146,20150611,PAR,-0.00978000,0.00200000,-0.01178000,0.03287554,-0.01036312,0.03317003,0.03909900
61146,20150612,PAR,0.03209900,-0.00700000,0.03909900,0.03688431,0.01752671,0.06099007,0.00978500
61146,20150615,PAR,0.00478500,-0.00500000,0.00978500,0.06282778,0.05677505,0.05160338,0.01304800
61146,20150616,PAR,0.01904800,0.00600000,0.01304800,0.11903784,0.14875673,0.15568083,0.09379400
61146,20150617,PAR,0.09579400,0.00200000,0.09379400,0.11000352,0.16396691,0.10853756,0.00023500
61146,20150618,PAR,0.01023500,0.01000000,0.00023500,0.10285350,0.12842795,0.11676521,0.00753300
61146,20150619,PAR,0.00253300,-0.00500000,0.00753300,-0.01097953,0.09758713,0.11734318,-0.01863200
61146,20150622,PAR,-0.01263200,0.00600000,-0.01863200,-0.02054471,0.07243344,0.13468899,-0.00952900
61146,20150623,PAR,-0.00852900,0.00100000,-0.00952900,-0.01469417,-0.00703866,0.14141542,0.01345200
61146,20150624,PAR,0.00645200,-0.00700000,0.01345200,0.05163329,0.04010888,0.20957311,0.04787200
61146,20150625,PAR,0.04487200,-0.00300000,0.04787200,0.08094748,0.05146390,0.18651891,0.01840500
61146,20150626,PAR,0.01840500,-0.00000000,0.01840500,0.06880945,0.07244490,0.17557583,0.00292800
61146,20150629,PAR,-0.01807200,-0.02100000,0.00292800,0.02215330,0.08377673,0.16143439,0.00109000
61146,20150630,PAR,0.00409000,0.00300000,0.00109000,-0.01491475,0.05048122,0.04343458,-0.01922000
61146,20150701,PAR,-0.01222000,0.00700000,-0.01922000,-0.00388608,0.01732473,0.05754061,0.01443300
61146,20150702,PAR,0.01443300,-0.00000000,0.01443300,0.01128450,0.01514483,0.06656265,0.01619500
61146,20150706,PAR,0.01219500,-0.00400000,0.01619500,0.01245705,-0.00588186,0.06718277,-0.01804800
61146,20150707,PAR,-0.01204800,0.00600000,-0.01804800,0.00489463,0.00001599,0.08310975,0.00683700
61146,20150708,PAR,-0.01016300,-0.01700000,0.00683700,-0.03505245,-0.00546902,0.04415285,-0.02458700
61146,20150709,PAR,-0.02258700,0.00200000,-0.02458700,0.01134460,0.00937498,0.02673566,0.03001700
61146,20150710,PAR,0.04201700,0.01200000,0.03001700,-0.02517766,-0.03588473,-0.02053096,-0.02914500
61146,20150713,PAR,-0.01814500,0.01100000,-0.02914500,-0.02722390,-0.04430103,-0.05052397,-0.02658700
61146,20150714,PAR,-0.02258700,0.00400000,-0.02658700,-0.04023810,-0.03646221,-0.03614870,0.01570600
61146,20150715,PAR,0.01470600,-0.00100000,0.01570600,-0.03771407,-0.03860832,-0.04354907,-0.02663400
61146,20150716,PAR,-0.01863400,0.00800000,-0.02663400,-0.03110832,-0.08566301,-0.07676733,-0.01998700
61146,20150717,PAR,-0.01898700,0.00100000,-0.01998700,-0.02244010,-0.03357719,-0.06918832,0.02480600
61146,20150720,PAR,0.02580600,0.00100000,0.02480600,0.03154288,0.02023874,-0.02494068,0.02706100
61146,20150721,PAR,0.02306100,-0.00400000,0.02706100,0.08026632,0.03123101,-0.00563226,0.02659000
61146,20150722,PAR,0.02459000,-0.00200000,0.02659000,0.00357034,0.00786907,-0.03038705,-0.04800000
61146,20150723,PAR,-0.05400000,-0.00600000,-0.04800000,-0.01593584,0.03475039,-0.05121301,0.00677200
61146,20150724,PAR,-0.00422800,-0.01100000,0.00677200,-0.08116712,-0.03210849,-0.06406311,-0.04283200
61146,20150727,PAR,-0.04883200,-0.00600000,-0.04283200,-0.06462954,-0.08527600,-0.06745187,-0.02985700
61146,20150728,PAR,-0.01785700,0.01200000,-0.02985700,-0.07454063,-0.11181564,-0.08465078,-0.00245500
61146,20150729,PAR,0.00454500,0.00700000,-0.00245500,-0.01238783,-0.04833815,-0.04035272,0.02036200
61146,20150730,PAR,0.02036200,0.00000000,0.02036200,0.03099031,-0.04315210,-0.00857821,0.01270900
61146,20150731,PAR,0.01070900,-0.00200000,0.01270900,0.01178071,-0.02069201,-0.05199185,-0.02075900
61146,20150803,PAR,-0.02375900,-0.00300000,-0.02075900,-0.08170788,-0.06587668,-0.14467024,-0.07440400
61146,20150804,PAR,-0.07640400,-0.00200000,-0.07440400,-0.03930026,-0.00730770,-0.11782784,0.06026000
61146,20150805,PAR,0.06326000,0.00300000,0.06026000,-0.03568288,-0.04346025,-0.08919826,-0.01717200
61146,20150806,PAR,-0.02517200,-0.00800000,-0.01717200,0.23428587,0.11863835,0.07222445,0.18609901
61146,20150807,PAR,0.18309900,-0.00300000,0.18609901,0.13541833,0.11397681,0.09246191,-0.02688900
61146,20150810,PAR,-0.01388900,0.01300000,-0.02688900,0.15272153,0.19980901,0.12110305,-0.00207200
61146,20150811,PAR,-0.01207200,-0.01000000,-0.00207200,-0.05744388,0.09867934,0.09030754,-0.02951300
61146,20150812,PAR,-0.02851300,0.00100000,-0.02951300,-0.05840882,0.08699511,0.03871851,-0.02835000
61146,20150813,PAR,-0.02935000,-0.00100000,-0.02835000,-0.08139148,-0.10807014,-0.00003585,-0.02559800
61146,20150814,PAR,-0.02159800,0.00400000,-0.02559800,-0.07090358,-0.09953143,0.00269263,-0.01824500
61146,20150817,PAR,-0.01324500,0.00500000,-0.01824500,-0.01679121,-0.07320061,0.11355735,0.02760900
61146,20150818,PAR,0.02460900,-0.00300000,0.02760900,0.01044665,-0.04306748,0.05136846,0.00145000
61146,20150819,PAR,-0.00655000,-0.00800000,0.00145000,0.02503464,-0.01802396,0.06540374,-0.00317600
61146,20150820,PAR,-0.02417600,-0.02100000,-0.00317600,0.02060814,0.02934631,-0.07542061,0.02299100
61146,20150821,PAR,-0.00900900,-0.03200000,0.02299100,0.05632001,0.08362376,-0.01443865,0.03900000
61146,20150824,PAR,0.00000000,-0.03900000,0.03900000,0.10304523,0.09830342,0.02649100,0.04354500
61146,20150825,PAR,0.02954500,-0.01400000,0.04354500,0.05186220,0.06921319,0.02583979,-0.03237800
61146,20150826,PAR,0.00662200,0.03900000,-0.03237800,-0.00813300,0.05566214,0.03578899,-0.01961400
61146,20150827,PAR,0.00438600,0.02400000,-0.01961400,-0.07383101,0.01131652,0.04060621,-0.02065100
61146,20150828,PAR,-0.01965100,0.00100000,-0.02065100,-0.02998236,-0.01896373,0.06844320,0.01022700
61146,20150831,PAR,0.00222700,-0.00800000,0.01022700,0.01932989,-0.03140933,0.06967352,0.03000000
61146,20150901,PAR,0.00000000,-0.03000000,0.03000000,0.04716503,0.00689091,0.07640114,0.00644400
61146,20150902,PAR,0.02444400,0.01800000,0.00644400,0.03377441,0.02284544,0.07819931,-0.00316900
61146,20150903,PAR,-0.00216900,0.00100000,-0.00316900,0.02737835,0.06757552,0.07988751,0.02369600
61146,20150904,PAR,0.00869600,-0.01500000,0.02369600,0.01322663,0.05092720,0.03315948,-0.00775900
61146,20150908,PAR,0.01724100,0.02500000,-0.00775900,0.02624912,0.03002187,-0.00203932,0.00976300
61146,20150909,PAR,-0.00423700,-0.01400000,0.00976300,0.00584873,0.02673210,0.03392622,0.00351100
61146,20150910,PAR,0.00851100,0.00500000,0.00351100,0.05595494,0.07379247,0.09706219,0.04241400
61146,20150911,PAR,0.04641400,0.00400000,0.04241400,0.06097487,0.06405568,0.13483119,0.01408100
61146,20150914,PAR,0.01008100,-0.00400000,0.01408100,0.03554046,0.04917175,0.10269621,-0.02098400
61146,20150915,PAR,-0.00798400,0.01300000,-0.02098400,-0.02508416,0.02066295,0.05242011,-0.01805400
61146,20150916,PAR,-0.00905400,0.00900000,-0.01805400,-0.02304218,0.03370979,0.06190134,0.01619800
61146,20150917,PAR,0.01319800,-0.00300000,0.01619800,-0.03615446,-0.04308863,0.02723828,-0.03410000
61146,20150918,PAR,-0.05010000,-0.01600000,-0.03410000,0.02318386,-0.01574314,0.04755418,0.04352300
61146,20150921,PAR,0.04852300,0.00500000,0.04352300,0.01493112,0.01308752,0.06211110,0.00797600
61146,20150922,PAR,-0.00402400,-0.01200000,0.00797600,0.06389802,0.04305498,0.06520417,0.01210100
61146,20150923,PAR,0.01010100,-0.00200000,0.01210100,0.01733660,0.02421932,0.05826850,-0.00260000
61146,20150924,PAR,-0.00560000,-0.00300000,-0.00260000,0.01307453,0.06476096,0.01931781,0.00362000
61146,20150925,PAR,0.00362000,-0.00000000,0.00362000,0.02692182,0.04651782,0.03107229,0.02600000
61146,20150928,PAR,0.00000000,-0.02600000,0.02600000,0.06685989,0.07635925,0.08874827,0.03707600
61146,20150929,PAR,0.03807600,0.00100000,0.03707600,0.06662199,0.06748203,0.11115642,0.00223600
61146,20150930,PAR,0.02123600,0.01900000,0.00223600,0.01802097,0.04835965,0.07229518,-0.02090400
61146,20151001,PAR,-0.01890400,0.00200000,-0.02090400,0.01486087,0.08075830,0.15038884,0.03417000
61146,20151002,PAR,0.04817000,0.01400000,0.03417000,0.02050360,0.06321390,0.11254562,0.00773500
61146,20151005,PAR,0.02573500,0.01800000,0.00773500,0.04509492,0.02553712,0.10688201,0.00220800
61146,20151006,PAR,-0.00179200,-0.00400000,0.00220800,-0.00917196,0.00316702,0.07342545,-0.01877200
61146,20151007,PAR,-0.01077200,0.00800000,-0.01877200,0.01746227,0.06222481,0.11552155,0.03455700
61146,20151008,PAR,0.04355700,0.00900000,0.03455700,-0.02412169,-0.01454890,0.06750336,-0.03814800
61146,20151009,PAR,-0.03714800,0.00100000,-0.03814800,-0.01101891,-0.02757535,0.03332829,-0.00576800
61146,20151012,PAR,-0.00476800,0.00100000,-0.00576800,-0.04194368,-0.02813164,-0.00440678,0.00155500
61146,20151013,PAR,-0.00544500,-0.00700000,0.00155500,-0.01907862,-0.02433075,-0.02217900,-0.01507300
61146,20151014,PAR,-0.02007300,-0.00500000,-0.01507300,-0.02281917,-0.06573160,-0.01029667,-0.00941300
61146,20151015,PAR,0.00558700,0.01500000,-0.00941300,-0.03869659,-0.04254506,-0.05797702,-0.01425900
61146,20151016,PAR,-0.00925900,0.00500000,-0.01425900,0.00525166,-0.00859534,-0.03627987,0.02915900
61146,20151019,PAR,0.02915900,0.00000000,0.02915900,0.01017182,-0.01459780,-0.04288627,-0.00435800
61146,20151020,PAR,-0.00535800,-0.00100000,-0.00435800,0.01820857,-0.00549150,-0.02999757,-0.00614300
61146,20151021,PAR,-0.01214300,-0.00600000,-0.00614300,-0.02005799,-0.00567710,-0.07204494,-0.00960600
61146,20151022,PAR,0.00739400,0.01700000,-0.00960600,-0.05607271,-0.03221118,-0.07456505,-0.04035800
61146,20151023,PAR,-0.02935800,0.01100000,-0.04035800,-0.07788692,-0.08724371,-0.09593867,-0.02824600
61146,20151026,PAR,-0.03024600,-0.00200000,-0.02824600,-0.05182332,-0.06740303,-0.08220472,0.01664500
61146,20151027,PAR,0.01364500,-0.00300000,0.01664500,0.02518955,-0.02608718,-0.03196702,0.03800000
61146,20151028,PAR,0.05000000,0.01200000,0.03800000,0.05926188,-0.01251870,-0.01841402,0.00366300
61146,20151029,PAR,0.00366300,-0.00000000,0.00366300,0.00459838,-0.00758295,-0.03977066,-0.03514600
61146,20151030,PAR,-0.04014600,-0.00500000,-0.03514600,-0.05639059,-0.00427051,-0.09261553,-0.02530800
61146,20151102,PAR,-0.01330800,0.01200000,-0.02530800,-0.07565474,-0.03746555,-0.10446526,-0.01648800
61146,20151103,PAR,-0.01348800,0.00300000,-0.01648800,-0.02428423,-0.05537196,-0.08212534,0.01767200
61146,20151104,PAR,0.01367200,-0.00400000,0.01767200,0.19661547,0.12647132,0.11458716,0.19560499
61146,20151105,PAR,0.19460499,-0.00100000,0.19560499,0.17296469,0.12691660,0.11853826,-0.03548400
61146,20151106,PAR,-0.03548400,-0.00000000,-0.03548400,0.24220383,0.24320419,0.24182932,0.07856200
61146,20151109,PAR,0.06856200,-0.01000000,0.07856200,0.08705186,0.31961620,0.27771942,0.04494800
61146,20151110,PAR,0.04694800,0.00200000,0.04494800,0.18942350,0.36978755,0.29679285,0.05636300
61146,20151111,PAR,0.05336300,-0.00300000,0.05636300,0.14957704,0.19419665,0.34304096,0.04280700
61146,20151112,PAR,0.02880700,-0.01400000,0.04280700,0.13240508,0.27135423,0.43089994,0.03031000
61146,20151113,PAR,0.01931000,-0.01100000,0.03031000,0.00922575,0.11293563,0.37952465,-0.06236100
61146,20151116,PAR,-0.04736100,0.01500000,-0.06236100,-0.04007286,0.05752301,0.39024757,-0.00752300
61146,20151117,PAR,-0.00852300,-0.00100000,-0.00752300,-0.10192733,-0.03114825,0.32919993,-0.03319200
61146,20151118,PAR,-0.01719200,0.01600000,-0.03319200,-0.04379874,-0.07578885,0.10904050,-0.00337300
61146,20151119,PAR,-0.00437300,-0.00100000,-0.00337300,-0.05342758,-0.12125163,0.13054803,-0.01717700
61146,20151120,PAR,-0.01317700,0.00400000,-0.01717700,-0.05155537,-0.09087051,0.01474235,-0.03164100
61146,20151123,PAR,-0.03264100,-0.00100000,-0.03164100,-0.01424755,-0.05056112,0.00586557,0.03581000
61146,20151124,PAR,0.03681000,0.00100000,0.03581000,-0.00593389,-0.02631841,-0.05686157,-0.00887600
61146,20151125,PAR,-0.00887600,-0.00000000,-0.00887600,0.04861225,-0.00207480,-0.07812263,0.02138800
61146,20151127,PAR,0.02238800,0.00100000,0.02138800,0.00992201,0.01290804,-0.10899322,-0.00229900
61146,20151130,PAR,-0.00729900,-0.00500000,-0.00229900,0.06767549,0.09633601,-0.00237338,0.04782300
61146,20151201,PAR,0.05882300,0.01100000,0.04782300,0.06935370,0.08252717,0.02957353,0.02350000
61146,20151202,PAR,0.01250000,-0.01100000,0.02350000,0.06558974,0.08523194,0.05740114,-0.00520400
61146,20151203,PAR,-0.01920400,-0.01400000,-0.00520400,-0.03590922,0.00720840,0.00515149,-0.05456600
61146,20151204,PAR,-0.03356600,0.02100000,-0.05456600,-0.05178447,0.01663868,0.02968888,0.00700000
61146,20151207,PAR,0.00000000,-0.00700000,0.00700000,-0.07350367,-0.05495221,0.03398897,-0.02728500
61146,20151208,PAR,-0.03328500,-0.00600000,-0.02728500,-0.07610626,-0.12974374,-0.05856788,-0.05786800
61146,20151209,PAR,-0.06586800,-0.00800000,-0.05786800,-0.06037832,-0.10520258,-0.02689100,0.02524400
61146,20151210,PAR,0.02724400,0.00200000,0.02524400,-0.03946893,-0.05797604,-0.05154608,-0.00596100
61146,20151211,PAR,-0.02496100,-0.01900000,-0.00596100,-0.00390206,-0.08552600,-0.07070191,-0.02260000
61146,20151214,PAR,-0.01760000,0.00500000,-0.02260000,-0.00767072,-0.04165138,-0.09308736,0.02157300
61146,20151215,PAR,0.03257300,0.01100000,0.02157300,-0.00569611,0.01351910,-0.11995250,-0.00395900
61146,20151216,PAR,0.01104100,0.01500000,-0.00395900,0.02342950,-0.00588599,-0.11011390,0.00564000
61146,20151217,PAR,-0.00936000,-0.01500000,0.00564000,-0.02594243,-0.02794116,-0.08310592,-0.02766900
61146,20151218,PAR,-0.04566900,-0.01800000,-0.02766900,0.04215350,0.06137072,-0.03103837,0.06790800
61146,20151221,PAR,0.07590800,0.00800000,0.06790800,0.03115676,0.03300637,-0.01026416,-0.00593300
61146,20151222,PAR,0.00306700,0.00900000,-0.00593300,0.04993099,0.02469277,0.03882495,-0.01200000
61146,20151223,PAR,0.00000000,0.01200000,-0.01200000,-0.01753237,0.01961836,0.01349736,0.00047100
61146,20151224,PAR,-0.00152900,-0.00200000,0.00047100,-0.01865899,0.04249324,0.01255719,-0.00718800
61146,20151228,PAR,-0.00918800,-0.00200000,-0.00718800,0.00527275,-0.01287754,0.04942776,0.01218400
61146,20151229,PAR,0.02318400,0.01100000,0.01218400,0.03483899,0.02325872,0.05739193,0.02965900
61146,20151230,PAR,0.02265900,-0.00700000,0.02965900,0.04529856,0.03814104,0.06338295,0.00309200
61146,20151231,PAR,-0.00590800,-0.00900000,0.00309200,0.00350798,0.00821370,0.02763337,-0.02809100
61146,20160104,PAR,-0.04309100,-0.01500000,-0.02809100,-0.03864821,0.00107486,0.04287273,-0.01442200
61146,20160105,PAR,-0.01242200,0.00200000,-0.01442200,-0.06173266,-0.03104625,-0.04386702,-0.02151300
61146,20160106,PAR,-0.03451300,-0.01300000,-0.02151300,-0.01958644,-0.04264631,-0.02223169,0.01577600
61146,20160107,PAR,-0.00822400,-0.02400000,0.01577600,-0.02661558,-0.06511658,-0.03114434,-0.02184100
61146,20160108,PAR,-0.03284100,-0.01100000,-0.02184100,-0.01353825,-0.04719071,-0.03869153,-0.00779100
61146,20160111,PAR,-0.00679100,0.00100000,-0.00779100,-0.01104588,-0.01633007,-0.01501918,0.01935000
61146,20160112,PAR,0.02735000,0.00800000,0.01935000,0.01961235,0.01285154,-0.01756116,0.00836100
61146,20160113,PAR,-0.01663900,-0.02500000,0.00836100,0.01587639,-0.01413288,-0.05491192,-0.01192400
61146,20160114,PAR,0.00507600,0.01700000,-0.01192400,-0.04463561,-0.03452351,-0.09393077,-0.04197300
61146,20160115,PAR,-0.06397300,-0.02200000,-0.04197300,-0.07683864,-0.05029109,-0.09185959,-0.02438100
61146,20160119,PAR,-0.02338100,0.00100000,-0.02438100,-0.02446852,-0.02730032,-0.04145978,0.04330800
61146,20160120,PAR,0.03130800,-0.01200000,0.04330800,-0.01551449,-0.06811663,-0.05285473,-0.03357100
61146,20160121,PAR,-0.02857100,0.00500000,-0.03357100,0.00930204,-0.05716272,-0.06976758,0.00022100
61146,20160122,PAR,0.02022100,0.02000000,0.00022100,-0.04084005,-0.02276850,-0.05593317,-0.00742300
61146,20160125,PAR,-0.02342300,-0.01600000,-0.00742300,0.01168073,0.02076268,-0.03154946,0.01921000
61146,20160126,PAR,0.03321000,0.01400000,0.01921000,0.00779389,-0.02585427,-0.05170668,-0.00328600
61146,20160127,PAR,-0.01428600,-0.01100000,-0.00328600,0.02434680,0.01683645,-0.05347573,0.00849300
61146,20160128,PAR,0.01449300,0.00600000,0.00849300,0.01947858,0.03110963,-0.02909820,0.01428600
61146,20160129,PAR,0.03928600,0.02500000,0.01428600,-0.00759913,0.00835026,-0.01540454,-0.02921000
61146,20160201,PAR,-0.02921000,-0.00000000,-0.02921000,-0.00016807,0.00492582,0.02585167,0.01546000
61146,20160202,PAR,-0.00354000,-0.01900000,0.01546000,-0.00824251,0.01418090,-0.01230554,0.00565700
61146,20160203,PAR,0.01065700,0.00500000,0.00565700,0.01389317,-0.00185942,0.01513403,-0.00727200
61146,20160204,PAR,-0.00527200,0.00200000,-0.00727200,-0.03506500,-0.04741511,-0.01954252,-0.03323700
61146,20160205,PAR,-0.05123700,-0.01800000,-0.03323700,-0.08442425,-0.06447890,-0.05922793,-0.04745300
61146,20160208,PAR,-0.06145300,-0.01400000,-0.04745300,-0.06622419,-0.06820326,-0.06377055,0.01290500
61146,20160209,PAR,0.01190500,-0.00100000,0.01290500,-0.02225778,-0.06060636,-0.04872845,0.01372600
61146,20160210,PAR,0.01372600,-0.00000000,0.01372600,0.08243294,-0.00337979,-0.00519301,0.05455300
61146,20160211,PAR,0.04255300,-0.01200000,0.05455300,0.02949507,-0.00755545,-0.05403823,-0.03855300
61146,20160212,PAR,-0.01855300,0.02000000,-0.03855300,-0.02102413,0.00589487,-0.06075939,-0.03590400
61146,20160216,PAR,-0.01890400,0.01700000,-0.03590400,-0.05393765,0.01557264,-0.05691273,0.02253600
61146,20160217,PAR,0.03853600,0.01600000,0.02253600,0.01726290,0.03354831,-0.03231086,0.03097400
61146,20160218,PAR,0.02597400,-0.00500000,0.03097400,0.06229775,-0.01527304,-0.01808874,0.00723300
61146,20160219,PAR,0.00723300,-0.00000000,0.00723300,0.06157101,0.04823811,0.03964293,0.02190700
61146,20160222,PAR,0.03590700,0.01400000,0.02190700,0.05241803,0.11054289,0.11980300,0.02239900
61146,20160223,PAR,0.01039900,-0.01200000,0.02239900,0.07674641,0.11792848,0.14021947,0.03030500
61146,20160224,PAR,0.03430500,0.00400000,0.03030500,0.01100114,0.04096248,0.07793018,-0.04085100
61146,20160225,PAR,-0.02985100,0.01100000,-0.04085100,-0.01953301,0.02498622,0.01032048,-0.00791500
61146,20160226,PAR,-0.00991500,-0.00200000,-0.00791500,-0.04236646,0.00888138,0.05758050,0.00592800
61146,20160229,PAR,-0.00207200,-0.00800000,0.00592800,0.02895757,0.01728283,0.13316575,0.03136300
61146,20160301,PAR,0.05536300,0.02400000,0.03136300,0.06610933,0.01408916,0.13711376,0.02714800
61146,20160302,PAR,0.03114800,0.00400000,0.02714800,0.06743572,0.06458451,0.11013974,0.00653900
61146,20160303,PAR,0.00953900,0.00300000,0.00653900,0.02931152,0.06861333,0.09698384,-0.00457500
61146,20160304,PAR,-0.00157500,0.00300000,-0.00457500,0.00252345,0.06330733,0.07261196,0.00057700
61146,20160307,PAR,0.00157700,0.00100000,0.00057700,0.00389050,0.03778287,0.05681409,0.00785000
61146,20160308,PAR,-0.00315000,-0.01100000,0.00785000,0.01136964,0.01339015,0.02806958,0.00289900
61146,20160309,PAR,0.00789900,0.00500000,0.00289900,-0.00339447,-0.00737376,0.05644643,-0.01410700
61146,20160310,PAR,-0.01410700,0.00000000,-0.01410700,-0.03845810,-0.02978665,0.03675349,-0.02712900
61146,20160311,PAR,-0.01112900,0.01600000,-0.02712900,-0.15448269,-0.14427182,-0.09463239,-0.11636300
61146,20160314,PAR,-0.11736300,-0.00100000,-0.11636300,-0.15762765,-0.16809755,-0.13597191,-0.01803600
61146,20160315,PAR,-0.02003600,-0.00200000,-0.01803600,-0.13803157,-0.17577150,-0.16464142,-0.00600000
61146,20160316,PAR,0.00000000,0.00600000,-0.00600000,-0.01283735,-0.15494067,-0.16104318,0.01158700
61146,20160317,PAR,0.01858700,0.00700000,0.01158700,0.00335176,-0.13140767,-0.15912531,-0.00217500
61146,20160318,PAR,0.00182500,0.00400000,-0.00217500,-0.00646307,-0.03064685,-0.17308723,-0.01557200
61146,20160321,PAR,-0.01457200,0.00100000,-0.01557200,-0.02042240,-0.01523484,-0.18391928,-0.00269700
61146,20160322,PAR,-0.00369700,-0.00100000,-0.00269700,-0.04500091,-0.03655954,-0.20747268,-0.02739500
61146,20160323,PAR,-0.03339500,-0.00600000,-0.02739500,0.04773341,0.02947038,-0.12895160,0.08069100
61146,20160324,PAR,0.08069100,-0.00000000,0.08069100,0.08014518,0.06056231,-0.07729518,0.02823400
61146,20160328,PAR,0.02923400,0.00100000,0.02823400,0.09555680,0.06174965,0.03011274,-0.01504000
61146,20160329,PAR,-0.00604000,0.00900000,-0.01504000,0.00719258,0.05882557,0.04357871,-0.00573600
61146,20160330,PAR,-0.00173600,0.00400000,-0.00573600,0.13307926,0.26053105,0.21529958,0.15504301
61146,20160331,PAR,0.15304300,-0.00200000,0.15504301,0.13782893,0.15411404,0.18834735,-0.01052500
61146,20160401,PAR,-0.00452500,0.00600000,-0.01052500,0.12076278,0.09900332,0.16591518,-0.01972700
61146,20160404,PAR,-0.02272700,-0.00300000,-0.01972700,-0.05326881,0.08668431,0.15372891,-0.02409300
61146,20160405,PAR,-0.03409300,-0.01000000,-0.02409300,-0.03879628,0.09900220,0.16454999,0.00503500
61146,20160406,PAR,0.01603500,0.01100000,0.00503500,0.00491876,-0.02501090,0.22657438,0.02463800
61146,20160407,PAR,0.01263800,-0.01200000,0.02463800,0.03927414,-0.00608250,0.14526886,0.00891900
61146,20160408,PAR,0.01191900,0.00300000,0.00891900,0.02780670,0.00802869,0.10683762,-0.00569500
61146,20160411,PAR,-0.00869500,-0.00300000,-0.00569500,-0.01935134,0.01039725,0.09869708,-0.02244200
61146,20160412,PAR,-0.01244200,0.01000000,-0.02244200,-0.01031756,0.02374612,0.12592071,0.01834700
61146,20160413,PAR,0.02834700,0.01000000,0.01834700,-0.01387854,-0.01072957,-0.03588692,-0.00918800
61146,20160414,PAR,-0.00918800,0.00000000,-0.00918800,0.04612943,0.01690889,0.01043790,0.03654900
61146,20160415,PAR,0.03554900,-0.00100000,0.03654900,0.03994957,0.03599597,0.04412350,0.01240300
61146,20160418,PAR,0.01940300,0.00700000,0.01240300,0.05126721,0.06121485,0.07298877,0.00139200
61146,20160419,PAR,0.00439200,0.00300000,0.00139200,-0.01700208,0.00988791,0.03418439,-0.03015500
61146,20160420,PAR,-0.02915500,0.00100000,-0.03015500,0.00248019,0.05221650,0.04192241,0.03202700
61146,20160421,PAR,0.02702700,-0.00500000,0.03202700,-0.02660806,-0.01343973,0.00312761,-0.02777800
61146,20160422,PAR,-0.02777800,0.00000000,-0.02777800,-0.01102797,-0.03944561,-0.00601205,-0.01454100
61146,20160425,PAR,-0.01654100,-0.00200000,-0.01454100,-0.04970329,-0.04846939,0.00860719,-0.00811600
61146,20160426,PAR,-0.00611600,0.00200000,-0.00811600,-0.02605507,-0.02251074,-0.01310077,-0.00353800
61146,20160427,PAR,-0.00153800,0.00200000,-0.00353800,-0.00567087,-0.04707109,0.00208691,0.00591800
61146,20160428,PAR,-0.00308200,-0.00900000,0.00591800,-0.00494020,-0.02711034,-0.04018663,-0.00736500
61146,20160429,PAR,-0.01236500,-0.00500000,-0.00736500,-0.01242402,-0.02390687,-0.06225506,-0.01113000
61146,20160502,PAR,-0.00313000,0.00800000,-0.01113000,-0.04030138,-0.03772715,-0.08358453,-0.02239700
61146,20160503,PAR,-0.03139700,-0.00900000,-0.02239700,-0.16977337,-0.16860094,-0.18633721,-0.14148800
61146,20160504,PAR,-0.14748800,-0.00600000,-0.14148800,-0.10593297,-0.12243670,-0.16231854,0.06463900
61146,20160505,PAR,0.06463900,-0.00000000,0.06463900,-0.04884573,-0.08042011,-0.10427545,0.04164300
61146,20160506,PAR,0.04464300,0.00300000,0.04164300,0.08535074,-0.08946804,-0.11078625,-0.02151300
61146,20160509,PAR,-0.02051300,0.00100000,-0.02151300,-0.03480084,-0.11935490,-0.15139805,-0.05301200
61146,20160510,PAR,-0.04101200,0.01200000,-0.05301200,-0.10031728,-0.00208735,-0.17128584,-0.02912600
61146,20160511,PAR,-0.03912600,-0.01000000,-0.02912600,-0.12753344,-0.11124671,-0.21944563,-0.05113600
61146,20160512,PAR,-0.05113600,-0.00000000,-0.05113600,-0.10855770,-0.17434510,-0.23961841,-0.03391600
61146,20160513,PAR,-0.04191600,-0.00800000,-0.03391600,-0.10987406,-0.18181298,-0.25335443,-0.02875000
61146,20160516,PAR,-0.01875000,0.01000000,-0.02875000,-0.09669485,-0.16586626,-0.26504319,-0.03770900
61146,20160517,PAR,-0.04670900,-0.00900000,-0.03770900,-0.07174275,-0.14820476,-0.15084095,-0.00668100
61146,20160518,PAR,-0.00668100,0.00000000,-0.00668100,-0.03374493,-0.09272317,-0.19296955,0.01072600
61146,20160519,PAR,0.00672600,-0.00400000,0.01072600,0.00025098,-0.06538785,-0.22850021,-0.00377300
61146,20160520,PAR,0.00222700,0.00600000,-0.00377300,0.00675392,-0.03768130,-0.21114531,-0.00022200
61146,20160523,PAR,-0.00222200,-0.00200000,-0.00022200,-0.00468096,-0.00060871,-0.16868108,-0.00063700
61146,20160524,PAR,0.01336300,0.01400000,-0.00063700,-0.00572214,0.00135170,-0.15018559,-0.00480200
61146,20160525,PAR,0.00219800,0.00700000,-0.00480200,-0.00550767,-0.00957988,-0.10364260,0.00000000
61146,20160526,PAR,0.00000000,-0.00000000,0.00000000,-0.01322558,-0.01424281,-0.08025304,-0.00838600
61146,20160527,PAR,-0.00438600,0.00400000,-0.00838600,-0.04904839,-0.05533724,-0.09134407,-0.04085000
61146,20160531,PAR,-0.04185000,-0.00100000,-0.04085000,-0.01057806,-0.01542250,-0.01624401,0.04037900
61146,20160601,PAR,0.04137900,0.00100000,0.04037900,0.00360872,-0.00481822,-0.00356507,0.00583000
61146,20160602,PAR,0.00883000,0.00300000,0.00583000,0.04958326,-0.00179716,-0.01144328,0.00300000
61146,20160603,PAR,0.00000000,-0.00300000,0.00300000,0.04357377,0.04126504,0.02731798,0.03438700
61146,20160606,PAR,0.03938700,0.00500000,0.03438700,0.03858789,0.08724979,0.02880462,0.00110500
61146,20160607,PAR,0.00210500,0.00100000,0.00110500,0.02817511,0.03734260,0.02161694,-0.00720200
61146,20160608,PAR,-0.00420200,0.00300000,-0.00720200,-0.01041662,0.02664974,0.02187077,-0.00432900
61146,20160609,PAR,-0.00632900,-0.00200000,-0.00432900,0.01221631,0.04800897,0.04632078,0.02386200
61146,20160610,PAR,0.01486200,-0.00900000,0.02386200,0.02100404,0.01496631,0.05630602,0.00172400
61146,20160613,PAR,-0.00627600,-0.00800000,0.00172400,0.02101715,0.00951517,0.09609836,-0.00431600
61146,20160614,PAR,-0.00631600,-0.00200000,-0.00431600,-0.00477219,0.01437604,0.05153311,-0.00223700
61146,20160615,PAR,-0.00423700,-0.00200000,-0.00223700,0.00100769,0.02641131,0.05339259,0.00763800
61146,20160616,PAR,0.01063800,0.00300000,0.00763800,0.01260260,0.00988118,0.05776939,0.00721100
61146,20160617,PAR,0.00421100,-0.00300000,0.00721100,0.01741367,0.01066095,0.02565676,0.00238600
61146,20160620,PAR,0.00838600,0.00600000,0.00238600,0.01927293,0.02478943,0.03416279,0.00947400
61146,20160621,PAR,0.01247400,0.00300000,0.00947400,-0.00490280,0.01003124,0.02442314,-0.01648000
61146,20160622,PAR,-0.01848000,-0.00200000,-0.01648000,-0.02648032,-0.01702939,0.00968710,-0.01927600
61146,20160623,PAR,-0.00627600,0.01300000,-0.01927600,-0.01564601,-0.00433110,0.00539479,0.01915800
61146,20160624,PAR,-0.01684200,-0.03600000,0.01915800,0.00129652,-0.00564530,0.00451692,0.00086900
61146,20160627,PAR,-0.01713100,-0.01800000,0.00086900,0.00262789,-0.03175770,-0.00861555,-0.01800000
61146,20160628,PAR,0.00000000,0.01800000,-0.01800000,0.00902515,0.00928074,0.01939785,0.02657300
61146,20160629,PAR,0.04357300,0.01700000,0.02657300,-0.00622729,0.01462949,-0.00229416,-0.01400000
61146,20160630,PAR,0.00000000,0.01400000,-0.01400000,0.01898740,0.00129548,-0.00320556,0.00635100
61146,20160701,PAR,0.00835100,0.00200000,0.00635100,0.01196086,0.02082280,0.01397369,0.01942200
61146,20160705,PAR,0.01242200,-0.00700000,0.01942200,0.05640658,0.07119891,0.03435689,0.02976500
61146,20160706,PAR,0.03476500,0.00500000,0.02976500,0.02580751,0.01836924,0.02780857,-0.02271500
61146,20160707,PAR,-0.02371500,-0.00100000,-0.02271500,0.03002595,0.05703686,0.07235066,0.02346200
61146,20160708,PAR,0.03846200,0.01500000,0.02346200,0.00273688,0.05336651,0.05650976,0.00284800
61146,20160711,PAR,0.00584800,0.00300000,0.00284800,0.01733944,0.02390410,0.04689867,-0.00893800
61146,20160712,PAR,-0.00193800,0.00700000,-0.00893800,-0.01781771,-0.01821582,0.05283703,-0.01165000
61146,20160713,PAR,-0.01165000,0.00000000,-0.01165000,-0.00815831,0.01828718,0.03778564,0.01268200
61146,20160714,PAR,0.01768200,0.00500000,0.01268200,-0.00011032,-0.00625746,0.05113694,-0.00093000
61146,20160715,PAR,-0.00193000,-0.00100000,-0.00093000,0.00932176,-0.01149355,0.04178385,-0.00238700
61146,20160718,PAR,-0.00038700,0.00200000,-0.00238700,0.00000331,0.00082927,0.02489691,0.00332200
61146,20160719,PAR,0.00232200,-0.00100000,0.00332200,0.00060716,0.01239817,-0.00590838,-0.00033200
61146,20160720,PAR,0.00366800,0.00400000,-0.00033200,-0.00827170,-0.01156343,0.00616161,-0.01119500
61146,20160721,PAR,-0.01519500,-0.00400000,-0.01119500,0.00853023,0.00948746,0.00326652,0.02039100
61146,20160722,PAR,0.02539100,0.00500000,0.02039100,0.00798576,0.01103006,-0.00045749,-0.00081000
61146,20160725,PAR,-0.00381000,-0.00300000,-0.00081000,-0.00011014,-0.01169856,-0.01093582,-0.01919700
61146,20160726,PAR,-0.01919700,0.00000000,-0.01919700,-0.02076590,-0.01217474,-0.00007475,-0.00087200
61146,20160727,PAR,-0.00187200,-0.00100000,-0.00087200,-0.02776682,-0.00884463,-0.02034013,-0.00785900
61146,20160728,PAR,-0.00585900,0.00200000,-0.00785900,0.00097700,-0.01903902,-0.00984627,0.00978800
61146,20160729,PAR,0.01178800,0.00200000,0.00978800,-0.00299915,-0.02302923,-0.01225343,-0.00482500
61146,20160801,PAR,-0.00582500,-0.00100000,-0.00482500,0.02269041,0.01384086,0.00205460,0.01771900
61146,20160802,PAR,0.01171900,-0.00600000,0.01771900,-0.00957678,-0.00778438,-0.01984050,-0.02230500
61146,20160803,PAR,-0.01930500,0.00300000,-0.02230500,-0.00674693,-0.00190510,-0.01072068,-0.00196800
61146,20160804,PAR,-0.00196800,0.00000000,-0.00196800,-0.04098443,-0.02824930,-0.04684445,-0.01689000
61146,20160805,PAR,-0.00789000,0.00900000,-0.01689000,-0.00927052,-0.01403068,-0.03687879,0.00964800
61146,20160808,PAR,0.00864800,-0.00100000,0.00964800,0.01764904,-0.00715444,0.00676857,0.02493300
61146,20160809,PAR,0.02493300,0.00000000,0.02493300,0.03580563,0.01668610,0.00873272,0.00107700
61146,20160810,PAR,-0.00192300,-0.00300000,0.00107700,0.04462894,0.03734409,0.03527327,0.01812100
61146,20160811,PAR,0.02312100,0.00500000,0.01812100,0.02401611,0.05965861,0.03001975,0.00476600
61146,20160812,PAR,0.00376600,-0.00100000,0.00476600,0.02960110,0.05642475,0.04182570,0.00638100
61146,20160815,PAR,0.00938100,0.00300000,0.00638100,0.01619527,0.03564864,0.02863922,0.00500000
61146,20160816,PAR,0.00000000,-0.00500000,0.00500000,0.01127647,0.03455921,0.05205997,-0.00014100
61146,20160817,PAR,0.00185900,0.00200000,-0.00014100,0.00473348,0.01596980,0.05410640,-0.00014500
61146,20160818,PAR,0.00185500,0.00200000,-0.00014500,0.02302211,0.03466830,0.09645295,0.02322200
61146,20160819,PAR,0.02222200,-0.00100000,0.02322200,0.01484482,0.01974137,0.07718870,-0.00805800
61146,20160822,PAR,-0.00905800,-0.00100000,-0.00805800,0.01296575,0.01272742,0.04895925,-0.00200000
61146,20160823,PAR,0.00000000,0.00200000,-0.00200000,-0.00867391,0.01414454,0.04914468,0.00134400
61146,20160824,PAR,-0.00365600,-0.00500000,0.00134400,-0.03072801,-0.01622455,-0.00062552,-0.03019300
61146,20160825,PAR,-0.03119300,-0.00100000,-0.03019300,-0.01395457,-0.02380388,0.00977344,0.01525800
61146,20160826,PAR,0.01325800,-0.00200000,0.01525800,-0.02951016,-0.03004956,-0.01083119,-0.01434600
61146,20160829,PAR,-0.00934600,0.00500000,-0.01434600,0.01227372,-0.01692092,-0.00454041,0.01143400
61146,20160830,PAR,0.00943400,-0.00200000,0.01143400,-0.00659127,-0.02183607,-0.00796313,-0.00360700
61146,20160831,PAR,-0.00560700,-0.00200000,-0.00360700,-0.02241849,-0.02170856,-0.03743418,-0.03007500
61146,20160901,PAR,-0.03007500,-0.00000000,-0.03007500,-0.02815945,-0.03115561,-0.05411873,0.00569000
61146,20160902,PAR,0.00969000,0.00400000,0.00569000,-0.02768837,-0.01996835,-0.04948712,-0.00300000
61146,20160906,PAR,0.00000000,0.00300000,-0.00300000,0.00267808,-0.03116544,-0.04748723,0.00000000
61146,20160907,PAR,0.00000000,-0.00000000,0.00000000,-0.00483306,-0.02943401,-0.05067712,-0.00183900
61146,20160908,PAR,-0.00383900,-0.00200000,-0.00183900,0.00391693,0.00656079,-0.01485995,0.00573200
61146,20160909,PAR,-0.01926800,-0.02500000,0.00573200,-0.01067881,-0.01364177,-0.04414781,-0.01500000
61146,20160912,PAR,0.00000000,0.01500000,-0.01500000,-0.01138994,-0.01313888,-0.03234161,-0.00268200
61146,20160913,PAR,-0.01768200,-0.01500000,-0.00268200,-0.01252803,-0.00832734,-0.03839783,0.00500000
61146,20160914,PAR,0.00400000,-0.00100000,0.00500000,-0.01939557,-0.02786020,-0.05612904,-0.02195200
61146,20160915,PAR,-0.01195200,0.01000000,-0.02195200,-0.00095365,-0.01848029,-0.01163777,0.01609700
61146,20160916,PAR,0.01209700,-0.00400000,0.01609700,-0.00197557,0.00029708,-0.01321347,0.00398400
61146,20160919,PAR,0.00398400,-0.00000000,0.00398400,0.01611753,-0.00093330,-0.01409965,-0.00394800
61146,20160920,PAR,-0.00394800,0.00000000,-0.00394800,-0.01089977,-0.01692488,-0.02477677,-0.01092000
61146,20160921,PAR,0.00008000,0.01100000,-0.01092000,0.00277559,0.02329306,-0.00596152,0.01780200
61146,20160922,PAR,0.02380200,0.00600000,0.01780200,0.01889661,0.01891749,-0.00002557,0.01183700
61146,20160923,PAR,0.00583700,-0.00600000,0.01183700,0.05474830,0.03980253,0.03970917,0.02447400
61146,20160926,PAR,0.01547400,-0.00900000,0.02447400,0.03627321,0.04389581,0.04313166,-0.00028600
61146,20160927,PAR,0.00571400,0.00600000,-0.00028600,0.01160850,0.04182562,0.02487288,-0.01257600
61146,20160928,PAR,-0.00757600,0.00500000,-0.01257600,-0.00764573,0.02860805,0.05263548,0.00518300
61146,20160929,PAR,-0.00381700,-0.00900000,0.00518300,0.01189088,0.03656972,0.05659616,0.01949000
61146,20160930,PAR,0.02749000,0.00800000,0.01949000,0.01933574,0.00641627,0.04676144,-0.00511000
61146,20161003,PAR,-0.00811000,-0.00300000,-0.00511000,0.00196490,-0.00537616,0.03806162,-0.01191700
61146,20161004,PAR,-0.01691700,-0.00500000,-0.01191700,-0.01527955,0.00890142,0.05090354,0.00173600
61146,20161005,PAR,0.00573600,0.00400000,0.00173600,-0.00461933,0.00945880,0.03832710,0.00570300
61146,20161006,PAR,0.00570300,0.00000000,0.00570300,-0.02010924,-0.03653019,-0.00158384,-0.02724600
61146,20161007,PAR,-0.03024600,-0.00300000,-0.02724600,0.00561850,-0.00472321,0.00163626,0.02813800
61146,20161010,PAR,0.03313800,0.00500000,0.02813800,0.00058619,0.00798964,0.00257050,0.00067900
61146,20161011,PAR,-0.01132100,-0.01200000,0.00067900,0.00411688,-0.01756864,-0.00881483,-0.02390100
61146,20161012,PAR,-0.02290100,0.00100000,-0.02390100,-0.01998378,-0.02011546,-0.01104011,0.00300000
61146,20161013,PAR,0.00000000,-0.00300000,0.00300000,-0.00563085,0.02269322,-0.01449436,0.01562500
61146,20161014,PAR,0.01562500,0.00000000,0.01562500,0.02161604,-0.00193137,-0.00656732,0.00300000
61146,20161017,PAR,0.00000000,-0.00300000,0.00300000,0.02240816,0.00093465,0.00893384,0.00361500
61146,20161018,PAR,0.00961500,0.00600000,0.00361500,0.00655027,0.02537054,0.00709193,-0.00009500
61146,20161019,PAR,0.00190500,0.00200000,-0.00009500,0.01414988,0.03312644,0.01186627,0.01050600
61146,20161020,PAR,0.00950600,-0.00100000,0.01050600,0.02376474,0.03063278,0.05383436,0.01318300
61146,20161021,PAR,0.01318300,-0.00000000,0.01318300,0.03973170,0.04373043,0.04095069,0.01544600
61146,20161024,PAR,0.02044600,0.00500000,0.01544600,0.04045143,0.05135504,0.05238951,0.01128600
61146,20161025,PAR,0.00728600,-0.00400000,0.01128600,0.03262071,0.05715488,0.08403696,0.00561700
61146,20161026,PAR,0.00361700,-0.00200000,0.00561700,0.00533183,0.03415172,0.06841238,-0.01141400
61146,20161027,PAR,-0.01441400,-0.00300000,-0.01141400,0.00617173,0.03303004,0.06459154,0.01214100
61146,20161028,PAR,0.00914100,-0.00300000,0.01214100,0.00418967,0.02105542,0.06543764,0.00362300
61146,20161031,PAR,0.00362300,-0.00000000,0.00362300,-0.02109925,-0.02666702,0.02249938,-0.03632100
61146,20161101,PAR,-0.04332100,-0.00700000,-0.03632100,-0.02952747,-0.02878982,0.02564274,0.00322600
61146,20161102,PAR,-0.00377400,-0.00700000,0.00322600,-0.01640048,-0.00109594,0.03231098,0.01725800
61146,20161103,PAR,0.01325800,-0.00400000,0.01725800,0.01861077,-0.01456041,0.01743476,-0.00173800
61146,20161104,PAR,-0.00373800,-0.00200000,-0.00173800,0.02200386,-0.01253287,0.00844427,0.00614300
61146,20161107,PAR,0.02814300,0.02200000,0.00614300,-0.00908158,0.01172921,-0.01576697,-0.01312400
61146,20161108,PAR,-0.00912400,0.00400000,-0.01312400,-0.02799340,-0.01221819,-0.04131068,-0.02020800
61146,20161109,PAR,-0.00920800,0.01100000,-0.02020800,-0.03167292,-0.02802452,-0.02854662,0.00171700
61146,20161110,PAR,0.00371700,0.00200000,0.00171700,-0.00280119,-0.01026733,-0.02503361,0.01581500
61146,20161111,PAR,0.01481500,-0.00100000,0.01581500,-0.07163005,-0.10364814,-0.11525982,-0.08759100
61146,20161114,PAR,-0.08759100,-0.00000000,-0.08759100,-0.13377036,-0.15168970,-0.14345738,-0.06500000
61146,20161115,PAR,-0.05800000,0.00700000,-0.06500000,-0.08710216,-0.07104443,-0.08468143,0.06994100
61146,20161116,PAR,0.06794100,-0.00200000,0.06994100,0.00198932,-0.07196327,-0.10091262,0.00096400
61146,20161117,PAR,0.00596400,0.00500000,0.00096400,0.10941972,-0.05361074,-0.06546887,0.03559700
61146,20161118,PAR,0.03359700,-0.00200000,0.03559700,0.01782236,0.01895387,-0.08791404,-0.01847200
61146,20161121,PAR,-0.01147200,0.00700000,-0.01847200,0.00288633,0.07491994,-0.08822184,-0.01360500
61146,20161122,PAR,-0.01160500,0.00200000,-0.01360500,-0.01958214,0.01677919,-0.05628345,0.01269900
61146,20161123,PAR,0.01369900,0.00100000,0.01269900,0.00265804,0.01958692,-0.05447566,0.00372200
61146,20161125,PAR,0.00772200,0.00400000,0.00372200,0.01371991,-0.01855203,-0.07179854,-0.00266300
61146,20161128,PAR,-0.00766300,-0.00500000,-0.00266300,0.02318679,0.02216471,0.04192870,0.02216600
61146,20161129,PAR,0.02316600,0.00100000,0.02216600,0.03189693,0.04899089,0.12791983,0.01243400
61146,20161130,PAR,0.00943400,-0.00300000,0.01243400,0.02723041,0.02824418,0.04574807,-0.00721500
61146,20161201,PAR,-0.01121500,-0.00400000,-0.00721500,-0.00263411,0.01652080,0.03641536,-0.00775000
61146,20161202,PAR,-0.00775000,0.00000000,-0.00775000,-0.01505957,0.01933645,0.00060015,-0.00009400
61146,20161205,PAR,0.00590600,0.00600000,-0.00009400,-0.00901741,-0.00385315,0.01825827,-0.00110600
61146,20161206,PAR,0.00189400,0.00300000,-0.00110600,-0.02194423,-0.03673732,0.01141226,-0.02056100
61146,20161207,PAR,-0.00756100,0.01300000,-0.02056100,-0.00670682,-0.01472653,0.01388786,0.01514300
61146,20161208,PAR,0.01714300,0.00200000,0.01514300,-0.01733490,-0.01870268,-0.00178481,-0.01161800
61146,20161209,PAR,-0.00561800,0.00600000,-0.01161800,-0.02033710,-0.04209407,-0.02312253,-0.02348200
61146,20161212,PAR,-0.02448200,-0.00100000,-0.02348200,-0.02118605,-0.02702697,-0.03093409,0.01444800
61146,20161213,PAR,0.02144800,0.00700000,0.01444800,-0.00359467,-0.00022606,-0.03717739,0.00590200
61146,20161214,PAR,-0.00209800,-0.00800000,0.00590200,0.01443476,-0.02105701,-0.03609964,-0.00589400
61146,20161215,PAR,-0.00189400,0.00400000,-0.00589400,0.00392641,-0.00558209,-0.02434839,0.00389800
61146,20161216,PAR,0.00189800,-0.00200000,0.00389800,0.00168652,0.02216148,-0.02047588,0.00368200
61146,20161219,PAR,0.00568200,0.00200000,0.00368200,0.01497968,0.01496413,-0.01205831,0.00729900
61146,20161220,PAR,0.01129900,0.00400000,0.00729900,0.00926182,0.00726235,0.00707644,-0.00172400
61146,20161221,PAR,-0.00372400,-0.00200000,-0.00172400,0.01696135,0.02468484,0.00330458,0.01134600
61146,20161222,PAR,0.00934600,-0.00200000,0.01134600,0.01603546,0.02731296,0.02155988,0.00640700
61146,20161223,PAR,0.00740700,0.00100000,0.00640700,-0.00099615,0.00454285,0.02688460,-0.01854400
61146,20161227,PAR,-0.01654400,0.00200000,-0.01854400,-0.01164532,-0.00217533,0.01262172,0.00052300
61146,20161228,PAR,-0.00747700,-0.00800000,0.00052300,-0.00317524,0.01448823,0.02189174,0.01506600
61146,20161229,PAR,0.01506600,-0.00000000,0.01506600,0.05594990,0.04332914,0.06883609,0.04025000
61146,20161230,PAR,0.03525000,-0.00500000,0.04025000,0.03282103,0.01410254,0.04175890,-0.02233700
61146,20170103,PAR,-0.01433700,0.00800000,-0.02233700,0.02256133,0.03834536,0.04318118,0.00490900
61146,20170104,PAR,0.01090900,0.00600000,0.00490900,0.00488713,0.06171059,0.05882841,0.02258300
61146,20170105,PAR,0.02158300,-0.00100000,0.02258300,0.03098591,0.04922307,0.06425318,0.00304200
61146,20170106,PAR,0.00704200,0.00400000,0.00304200,0.02222125,0.00452701,0.04857109,-0.00336000
61146,20170109,PAR,-0.00736000,-0.00400000,-0.00336000,-0.01758934,0.00956788,0.02384614,-0.01724200
61146,20170110,PAR,-0.01724200,0.00000000,-0.01724200,-0.01996680,0.00521356,0.04383952,0.00058400
61146,20170111,PAR,0.00358400,0.00300000,0.00058400,-0.00766881,-0.00802003,0.05319208,0.00914300
61146,20170112,PAR,0.00714300,-0.00200000,0.00914300,0.04718302,0.02549178,0.07622554,0.03700700
61146,20170113,PAR,0.03900700,0.00200000,0.03700700,0.08336098,0.06554771,0.07122468,0.03542300
61146,20170117,PAR,0.03242300,-0.00300000,0.03542300,0.05397218,0.06432081,0.07484329,-0.01852900
61146,20170118,PAR,-0.01652900,0.00200000,-0.01852900,0.03571840,0.08357710,0.08936586,0.01912600
61146,20170119,PAR,0.01512600,-0.00400000,0.01912600,-0.00594452,0.06739675,0.05890228,-0.00631100
61146,20170120,PAR,-0.00331100,0.00300000,-0.00631100,0.01409336,0.03060832,0.05672152,0.00133900
61146,20170123,PAR,-0.00166100,-0.00300000,0.00133900,-0.00202402,-0.00166321,0.06410119,0.00298300
61146,20170124,PAR,0.00998300,0.00700000,0.00298300,0.00494880,0.01793740,0.08415426,0.00058300
61146,20170125,PAR,0.00858300,0.00800000,0.00058300,0.03254720,0.02735847,0.11425789,0.02842500
61146,20170126,PAR,0.02742500,-0.00100000,0.02842500,0.02861070,0.03320062,0.10350743,-0.00059000
61146,20170127,PAR,-0.00159000,-0.00100000,-0.00059000,0.03214535,0.03631179,0.06806229,0.00440800
61146,20170130,PAR,-0.00159200,-0.00600000,0.00440800,0.04296378,0.07353866,0.07212029,0.03927800
61146,20170131,PAR,0.03827800,-0.00100000,0.03927800,0.03406444,0.06253905,0.08212427,-0.00921700
61146,20170201,PAR,-0.00921700,0.00000000,-0.00921700,0.02870909,0.03243231,0.06094180,-0.00100000
61146,20170202,PAR,0.00000000,0.00100000,-0.00100000,-0.03488871,0.00780178,0.04137113,-0.02482900
61146,20170203,PAR,-0.01782900,0.00700000,-0.02482900,-0.01994443,0.00936912,0.04626724,0.00594600
61146,20170206,PAR,0.00394600,-0.00200000,0.00594600,0.00121537,-0.00906384,0.06425837,0.02044000
61146,20170207,PAR,0.02044000,0.00000000,0.02044000,0.01283990,-0.01319916,0.04907053,-0.01332700
61146,20170208,PAR,-0.01232700,0.00100000,-0.01332700,0.01500624,-0.00427524,0.02843838,0.00804100
61146,20170209,PAR,0.01404100,0.00600000,0.00804100,-0.00795280,0.01861121,0.02664631,-0.00246200
61146,20170210,PAR,0.00153800,0.00400000,-0.00246200,0.00988729,0.01692939,0.02669226,0.00421700
61146,20170213,PAR,0.00921700,0.00500000,0.00421700,0.00232839,-0.00320461,-0.01244128,0.00056600
61146,20170214,PAR,0.00456600,0.00400000,0.00056600,0.01604302,0.02194832,0.00829322,0.01106100
61146,20170215,PAR,0.01606100,0.00500000,0.01106100,0.02395269,0.02597395,0.02182693,0.01203500
61146,20170216,PAR,0.01103500,-0.00100000,0.01203500,0.05460319,0.06019204,0.08074655,0.03044800
61146,20170217,PAR,0.03244800,0.00200000,0.03044800,-0.00491660,0.00674373,0.02416813,-0.04600000
61146,20170221,PAR,-0.04000000,0.00600000,-0.04600000,-0.02470390,-0.00193648,-0.00520925,-0.00792900
61146,20170222,PAR,-0.00892900,-0.00100000,-0.00792900,-0.06035151,-0.01994033,0.00121881,-0.00713200
61146,20170223,PAR,-0.00713200,0.00000000,-0.00713200,-0.01488049,-0.03161069,-0.00679036,0.00013400
61146,20170224,PAR,0.00113400,0.00100000,0.00013400,0.00700810,-0.04700542,0.01007022,0.01410600
61146,20170227,PAR,0.01510600,0.00100000,0.01410600,-0.00844721,-0.02329435,-0.01709596,-0.02229800
61146,20170228,PAR,-0.02529800,-0.00300000,-0.02229800,-0.02254323,-0.02949778,-0.03172754,-0.01400000
61146,20170301,PAR,0.00000000,0.01400000,-0.01400000,-0.04655948,-0.03299062,-0.05260860,-0.01079400
61146,20170302,PAR,-0.01679400,-0.00600000,-0.01079400,-0.02113831,-0.02956249,-0.06069373,0.00365800
61146,20170303,PAR,0.00465800,0.00100000,0.00365800,-0.01949057,-0.05496381,-0.09990601,-0.01245600
61146,20170306,PAR,-0.01545600,-0.00300000,-0.01245600,-0.02295334,-0.04715449,-0.06932298,-0.01426800
61146,20170307,PAR,-0.01726800,-0.00300000,-0.01426800,0.00025128,-0.00690260,-0.03590452,0.02755900
61146,20170308,PAR,0.02555900,-0.00200000,0.02755900,0.01655822,0.00754664,-0.02544311,0.00367300
61146,20170309,PAR,0.00467300,0.00100000,0.00367300,0.03953876,0.01173656,-0.01797339,0.00785300
61146,20170310,PAR,0.01085300,0.00300000,0.00785300,0.03727485,0.05046244,-0.00707410,0.02530700
61146,20170313,PAR,0.02530700,0.00000000,0.02530700,0.04807144,0.08088351,0.03019557,0.01421900
61146,20170314,PAR,0.01121900,-0.00300000,0.01421900,0.06557585,0.07822860,0.06971123,0.02454400
61146,20170315,PAR,0.03254400,0.00800000,0.02454400,0.03368301,0.06844403,0.07614204,-0.00516300
61146,20170316,PAR,-0.00716300,-0.00200000,-0.00516300,0.06011069,0.10233144,0.11488192,0.03996100
61146,20170317,PAR,0.03896100,-0.00100000,0.03996100,0.02218414,0.06211980,0.11565211,-0.01188900
61146,20170320,PAR,-0.01388900,-0.00200000,-0.01188900,0.03227818,0.05196705,0.13626789,0.00495800
61146,20170321,PAR,-0.00704200,-0.01200000,0.00495800,-0.01577347,0.01783197,0.09644525,-0.00909200
61146,20170322,PAR,-0.00709200,0.00200000,-0.00909200,0.00819795,0.03562472,0.10576313,0.01242900
61146,20170323,PAR,0.01142900,-0.00100000,0.01242900,-0.00141513,-0.00824283,0.09179844,-0.00465000
61146,20170324,PAR,-0.00565000,-0.00100000,-0.00465000,0.02014028,0.01580879,0.07810299,0.01236400
61146,20170327,PAR,0.01136400,-0.00100000,0.01236400,0.00348771,0.00677671,0.05934576,-0.00419100
61146,20170328,PAR,0.00280900,0.00700000,-0.00419100,0.02710663,0.03502888,0.05305016,0.01862200
61146,20170329,PAR,0.01962200,0.00100000,0.01862200,-0.01805287,-0.01042172,0.02529839,-0.03185900
61146,20170330,PAR,-0.02885900,0.00300000,-0.03185900,0.00220688,0.01046658,0.00192522,0.01614400
61146,20170331,PAR,0.01414400,-0.00200000,0.01614400,-0.02647754,-0.01260839,0.00327539,-0.01055200
61146,20170403,PAR,-0.01255200,-0.00200000,-0.01055200,0.01572928,0.00181011,0.00861664,0.01029900
61146,20170404,PAR,0.01129900,0.00100000,0.01029900,0.00539317,-0.01074125,0.02375243,0.00579300
61146,20170405,PAR,0.00279300,-0.00300000,0.00579300,0.02401728,0.02946154,0.01903995,0.00774900
61146,20170406,PAR,0.00974900,0.00200000,0.00774900,0.01597061,0.01555622,0.02627862,0.00237900
61146,20170407,PAR,0.00137900,-0.00100000,0.00237900,0.01749850,0.03390438,0.02110564,0.00726400
61146,20170410,PAR,0.00826400,0.00100000,0.00726400,0.01341370,0.02714399,0.02902651,0.00373200
61146,20170411,PAR,0.00273200,-0.00100000,0.00373200,0.01915151,0.02946783,0.01835369,0.00808700
61146,20170412,PAR,0.00408700,-0.00400000,0.00808700,0.02562153,0.03540869,0.06541927,0.01378400
61146,20170413,PAR,0.00678400,-0.00700000,0.01378400,0.04839141,0.05992130,0.07619737,0.02604000
61146,20170417,PAR,0.03504000,0.00900000,0.02604000,0.06483990,0.07709630,0.11340852,0.02383300
61146,20170418,PAR,0.02083300,-0.00300000,0.02383300,0.09576828,0.11876935,0.14870748,0.04281600
61146,20170419,PAR,0.04081600,-0.00200000,0.04281600,0.07385565,0.11720594,0.14991979,0.00548000
61146,20170420,PAR,0.01348000,0.00800000,0.00548000,0.05443069,0.10829190,0.14655683,0.00541800
61146,20170421,PAR,0.00241800,-0.00300000,0.00541800,0.00602693,0.07497886,0.13989419,-0.00496900
61146,20170424,PAR,0.00603100,0.01100000,-0.00496900,0.00170373,0.05134402,0.13363593,0.00119400
61146,20170425,PAR,0.00719400,0.00600000,0.00119400,-0.00259079,0.00850948,0.13085747,0.00119100
61146,20170426,PAR,0.00119100,-0.00000000,0.00119100,-0.00940430,-0.00898377,0.10888659,-0.01170200
61146,20170427,PAR,-0.01070200,0.00100000,-0.01170200,0.01885895,0.01531537,0.12714075,0.02964400
61146,20170428,PAR,0.02764400,-0.00200000,0.02964400,0.01327219,0.01577957,0.09263946,-0.00433900
61146,20170501,PAR,-0.00233900,0.00200000,-0.00433900,0.00982124,-0.00080656,0.05058239,-0.01506800
61146,20170502,PAR,-0.01406800,0.00100000,-0.01506800,-0.00784636,0.00970641,0.01852173,0.01170200
61146,20170503,PAR,0.01070200,-0.00100000,0.01170200,-0.01389455,0.01102434,0.00209828,-0.01041200
61146,20170504,PAR,-0.00941200,0.00100000,-0.01041200,0.00194691,-0.01753858,-0.00266586,0.00075100
61146,20170505,PAR,0.00475100,0.00400000,0.00075100,-0.02147413,-0.02493182,-0.00964129,-0.01182000
61146,20170508,PAR,-0.01182000,0.00000000,-0.01182000,-0.01012117,-0.00893940,-0.00975903,0.00100000
61146,20170509,PAR,0.00000000,-0.00100000,0.00100000,-0.01300097,-0.02264951,-0.01313693,-0.00219600
61146,20170510,PAR,-0.00119600,0.00100000,-0.00219600,0.00080489,-0.01030374,0.00061870,0.00200000
61146,20170511,PAR,0.00000000,-0.00200000,0.00200000,0.00798235,-0.00291039,-0.02036574,0.00818600
61146,20170512,PAR,0.00718600,-0.00100000,0.00818600,0.00280394,0.00160312,-0.02341016,-0.00737800
61146,20170515,PAR,-0.00237800,0.00500000,-0.00737800,-0.01496697,-0.01514375,-0.02401089,-0.01568700
61146,20170516,PAR,-0.01668700,-0.00100000,-0.01568700,-0.02040655,-0.01051254,-0.03259076,0.00224200
61146,20170517,PAR,-0.01575800,-0.01800000,0.00224200,-0.01116421,-0.01043371,-0.02053611,0.00215800
61146,20170518,PAR,0.00615800,0.00400000,0.00215800,0.01201916,-0.01106473,-0.01390041,0.00768800
61146,20170519,PAR,0.01468800,0.00700000,0.00768800,0.03194703,0.01750661,0.01916743,0.02153800
61146,20170522,PAR,0.02653800,0.00500000,0.02153800,0.03245235,0.03657420,0.02095242,0.00270000
61146,20170523,PAR,0.00470000,0.00200000,0.00270000,0.00665683,0.01679415,0.00560718,-0.01720500
61146,20170524,PAR,-0.01520500,0.00200000,-0.01720500,-0.01507109,0.01411980,0.00317146,-0.00043700
61146,20170525,PAR,0.00356300,0.00400000,-0.00043700,-0.00366913,0.02071482,0.00921001,0.01420100
61146,20170526,PAR,0.01420100,0.00000000,0.01420100,0.01719431,0.00238828,0.02005180,0.00333400
61146,20170530,PAR,0.00233400,-0.00100000,0.00333400,0.02703546,0.00903288,0.04611849,0.00931300
61146,20170531,PAR,0.00931300,-0.00000000,0.00931300,-0.00349151,0.01035763,0.02771952,-0.01607400
61146,20170601,PAR,-0.00807400,0.00800000,-0.01607400,-0.00271967,0.01501483,0.02980480,0.00413900
61146,20170602,PAR,0.00813900,0.00400000,0.00413900,0.00628032,0.01916192,0.04073127,0.01830100
61146,20170605,PAR,0.01730100,-0.00100000,0.01830100,0.02559384,0.01878751,0.02137146,0.00300000
61146,20170606,PAR,0.00000000,-0.00300000,0.00300000,0.03891345,0.02690490,0.03640573,0.01727400
61146,20170607,PAR,0.01927400,0.00200000,0.01727400,-0.01600101,0.00615177,0.01666149,-0.03559500
61146,20170608,PAR,-0.03559500,0.00000000,-0.03559500,-0.03954736,-0.01891234,-0.00443498,-0.02091500
61146,20170609,PAR,-0.02191500,-0.00100000,-0.02091500,-0.06362977,-0.04461667,-0.02681380,-0.00843400
61146,20170612,PAR,-0.00943400,-0.00100000,-0.00843400,-0.02490589,-0.04354620,-0.02583074,0.00452400
61146,20170613,PAR,0.00952400,0.00500000,0.00452400,-0.00770787,-0.06316725,-0.03854023,-0.00371700
61146,20170614,PAR,-0.00471700,-0.00100000,-0.00371700,0.01348980,-0.01613150,-0.01011111,0.01266400
61146,20170615,PAR,0.01066400,-0.00200000,0.01266400,0.01832899,0.01434611,-0.00489926,0.00937900
61146,20170616,PAR,0.00937900,0.00000000,0.00937900,0.02719236,0.02809350,-0.01830727,0.00477600
61146,20170619,PAR,0.01277600,0.00800000,0.00477600,0.06470703,0.07399164,0.02768268,0.04943100
61146,20170620,PAR,0.04243100,-0.00700000,0.04943100,0.05348340,0.07670247,0.00897254,-0.00120000
61146,20170621,PAR,-0.00220000,-0.00100000,-0.00120000,0.04698446,0.06219179,0.04505697,-0.00110200
61146,20170622,PAR,-0.00110200,-0.00000000,-0.00110200,0.00120328,0.05613018,0.07136471,0.00351900
61146,20170623,PAR,0.00551900,0.00200000,0.00351900,0.00682133,0.05532204,0.08535430,0.00439100
61146,20170626,PAR,0.00439100,0.00000000,0.00439100,0.01374255,0.01141147,0.08570531,0.00581400
61146,20170627,PAR,-0.00218600,-0.00800000,0.00581400,-0.01410025,-0.01174920,0.06430096,-0.02433400
61146,20170628,PAR,-0.01533400,0.00900000,-0.02433400,-0.05640067,-0.04909083,0.00967155,-0.03883100
61146,20170629,PAR,-0.04783100,-0.00900000,-0.03883100,-0.06982667,-0.05976503,-0.00744779,-0.00784100
61146,20170630,PAR,-0.00584100,0.00200000,-0.00784100,-0.03834921,-0.05600038,-0.00366719,0.00857600
61146,20170703,PAR,0.01057600,0.00200000,0.00857600,-0.00500753,-0.06735766,-0.05618644,-0.00565100
61146,20170705,PAR,-0.00465100,0.00100000,-0.00565100,0.00837522,-0.03816715,-0.04942699,0.00549500
61146,20170706,PAR,-0.00350500,-0.00900000,0.00549500,-0.00375685,-0.00310652,-0.05212108,-0.00365500
61146,20170707,PAR,0.00234500,0.00600000,-0.00365500,0.01490731,0.01786279,-0.04313483,0.01303500
61146,20170710,PAR,0.01403500,0.00100000,0.01303500,0.00572404,0.00554592,-0.05067257,-0.00361400
61146,20170711,PAR,-0.00461400,-0.00100000,-0.00361400,0.00586576,0.00775782,-0.06034846,-0.00352400
61146,20170712,PAR,0.00347600,0.00700000,-0.00352400,-0.01377262,-0.00451660,-0.04302771,-0.00661900
61146,20170713,PAR,-0.00461900,0.00200000,-0.00661900,-0.01058344,-0.00119373,-0.00434253,-0.00036000
61146,20170714,PAR,0.00464000,0.00500000,-0.00036000,-0.00585540,-0.01304574,0.00480479,0.00115500
61146,20170717,PAR,0.00115500,-0.00000000,0.00115500,0.00327544,-0.00696243,-0.00135719,0.00246000
61146,20170718,PAR,0.00346000,0.00100000,0.00246000,0.00669722,-0.00035530,0.00749966,0.00304600
61146,20170719,PAR,0.00804600,0.00500000,0.00304600,0.00091526,0.00172575,-0.00282248,-0.00456100
61146,20170720,PAR,-0.00456100,-0.00000000,-0.00456100,-0.00270062,0.00092402,-0.00026500,-0.00114500
61146,20170721,PAR,-0.00114500,-0.00000000,-0.00114500,-0.00812121,-0.00269153,-0.01580249,-0.00244000
61146,20170724,PAR,-0.00344000,-0.00100000,-0.00244000,0.01976760,0.01828099,0.01141805,0.02346700
61146,20170725,PAR,0.02646700,0.00300000,0.02346700,0.02323225,0.01738764,0.01725248,0.00224200
61146,20170726,PAR,0.00224200,0.00000000,0.00224200,0.03137399,0.02764201,0.02972221,0.00547400
61146,20170727,PAR,0.00447400,-0.00100000,0.00547400,0.00311954,0.02408810,0.02517901,-0.00456800
61146,20170728,PAR,-0.00556800,-0.00100000,-0.00456800,0.00523327,0.03107485,0.02845503,0.00435900
61146,20170731,PAR,0.00335900,-0.00100000,0.00435900,-0.00222477,0.00548627,0.02388767,-0.00200000
61146,20170801,PAR,0.00000000,0.00200000,-0.00200000,0.01131998,0.01218827,0.02979473,0.00892900
61146,20170802,PAR,0.00892900,0.00000000,0.00892900,0.00112088,0.00088958,0.02850171,-0.00574300
61146,20170803,PAR,-0.00774300,-0.00200000,-0.00574300,0.01451384,0.01692356,0.04144315,0.01137800
61146,20170804,PAR,0.01337800,0.00200000,0.01137800,0.00906693,0.01609076,0.04778983,0.00350100
61146,20170807,PAR,0.00550100,0.00200000,0.00350100,0.01249775,0.01563478,0.02119110,-0.00237600
61146,20170808,PAR,-0.00437600,-0.00200000,-0.00237600,0.00220517,0.00775278,0.02002767,0.00109900
61146,20170809,PAR,0.00109900,-0.00000000,0.00109900,0.03675985,0.05216649,0.05298728,0.03814900
61146,20170810,PAR,0.02414900,-0.01400000,0.03814900,0.08004687,0.08122559,0.09938420,0.03972900
61146,20170811,PAR,0.04072900,0.00100000,0.03972900,0.05912618,0.05765433,0.07482074,-0.01926900
61146,20170814,PAR,-0.00926900,0.01000000,-0.01926900,0.00506714,0.04490209,0.06118939,-0.01455300
61146,20170815,PAR,-0.01455300,-0.00000000,-0.01455300,-0.03675718,0.04056586,0.04861617,-0.00311000
61146,20170816,PAR,-0.00211000,0.00100000,-0.00311000,-0.00885488,0.01066107,0.06309063,0.00865700
61146,20170817,PAR,-0.00634300,-0.01500000,0.00865700,0.09721006,0.06175888,0.14669763,0.09242599
61146,20170818,PAR,0.09042600,-0.00200000,0.09242599,0.11218086,0.09296457,0.15463610,0.01070700
61146,20170821,PAR,0.01170700,0.00100000,0.01070700,0.09526701,0.10008842,0.14893862,-0.00903600
61146,20170822,PAR,0.00096400,0.01000000,-0.00903600,0.01641295,0.11906446,0.16383431,0.01456100
61146,20170823,PAR,0.01156100,-0.00300000,0.01456100,0.00082957,0.10562502,0.11712058,-0.00466700
61146,20170824,PAR,-0.00666700,-0.00200000,-0.00466700,0.06273414,0.06519697,0.13107400,0.05265000
61146,20170825,PAR,0.05465000,0.00200000,0.05265000,0.04000323,0.04607095,0.14327488,-0.00727300
61146,20170828,PAR,-0.00727300,0.00000000,-0.00727300,0.04781247,0.05788316,0.16326588,0.00266300
61146,20170829,PAR,0.00366300,0.00100000,0.00266300,-0.02964175,0.01685530,0.13848727,-0.02507300
61146,20170830,PAR,-0.02007300,0.00500000,-0.02507300,-0.02760902,0.01661502,0.12554625,-0.00506900
61146,20170831,PAR,0.00093100,0.00600000,-0.00506900,-0.03859994,-0.04315685,0.01979935,-0.00851200
61146,20170901,PAR,-0.00651200,0.00200000,-0.00851200,-0.00181089,-0.02426849,0.02078958,0.01174500
61146,20170905,PAR,0.00374500,-0.00800000,0.01174500,-0.03231519,-0.06179511,-0.00690392,-0.03564900
61146,20170906,PAR,-0.03264900,0.00300000,-0.03564900,-0.03242935,-0.04577888,-0.02992023,-0.00867900
61146,20170907,PAR,-0.00867900,-0.00000000,-0.00867900,-0.04677291,-0.04341128,-0.02819511,-0.00289100
61146,20170908,PAR,-0.00389100,-0.00100000,-0.00289100,-0.01866820,-0.04236839,-0.08450478,-0.00709400
61146,20170911,PAR,0.00390600,0.01100000,-0.00709400,-0.01010121,-0.05430465,-0.07796821,-0.00008200
61146,20170912,PAR,0.00291800,0.00300000,-0.00008200,0.00839001,-0.00342496,-0.06590281,0.01548900
61146,20170913,PAR,0.01648900,0.00100000,0.01548900,0.00380975,-0.00620943,-0.05231832,-0.01140500
61146,20170914,PAR,-0.01240500,-0.00100000,-0.01140500,-0.00975850,-0.01703724,-0.06033743,-0.01359400
61146,20170915,PAR,-0.01159400,0.00200000,-0.01359400,-0.01154099,0.00371745,-0.03904481,0.01366300
61146,20170918,PAR,0.01466300,0.00100000,0.01366300,-0.00690283,-0.00303362,-0.05743968,-0.00678000
61146,20170919,PAR,-0.00578000,0.00100000,-0.00678000,0.00188503,-0.02308771,-0.02677128,-0.00487600
61146,20170920,PAR,-0.00387600,0.00100000,-0.00487600,-0.01248213,-0.01262125,-0.01892900,-0.00089100
61146,20170921,PAR,-0.00389100,-0.00300000,-0.00089100,-0.01449842,-0.00783565,-0.02488217,-0.00881200
61146,20170922,PAR,-0.00781200,0.00100000,-0.00881200,-0.02421035,-0.03556523,-0.03220120,-0.01473200
61146,20170925,PAR,-0.01673200,-0.00200000,-0.01473200,-0.02048167,-0.02606605,-0.02911586,0.00300300
61146,20170926,PAR,0.00300300,0.00000000,0.00300300,-0.01773967,-0.02722151,-0.04978939,-0.00599600
61146,20170927,PAR,-0.00199600,0.00400000,-0.00599600,-0.00400297,-0.02743376,-0.03981391,-0.00100000
61146,20170928,PAR,0.00000000,0.00100000,-0.00100000,0.03289227,0.02055349,0.01252233,0.04000000
61146,20170929,PAR,0.04400000,0.00400000,0.04000000,-0.00202432,-0.00505233,-0.04089222,-0.03944100
61146,20171002,PAR,-0.03544100,0.00400000,-0.03944100,-0.02203230,-0.02905852,-0.05467310,-0.02086800
61146,20171003,PAR,-0.01886800,0.00200000,-0.02086800,-0.04915975,-0.01205323,-0.03927455,0.01114600
61146,20171004,PAR,0.01214600,0.00100000,0.01114600,-0.00008241,-0.00110840,-0.02898552,0.01000000
61146,20171005,PAR,0.01600000,0.00600000,0.01000000,0.02031747,-0.04077838,-0.02110118,-0.00096800
61146,20171006,PAR,-0.00196800,-0.00100000,-0.00096800,0.03001680,0.01982528,0.01490142,0.02073800
61146,20171009,PAR,0.01873800,-0.00200000,0.02073800,0.02068976,0.04258897,0.01276118,0.00090400
61146,20171010,PAR,0.00290400,0.00200000,0.00090400,0.02857604,0.03800055,0.02586295,0.00668700
61146,20171011,PAR,0.00868700,0.00200000,0.00668700,0.11320171,0.13486640,0.13591697,0.10439200
61146,20171012,PAR,0.10239200,-0.00200000,0.10439200,0.04823068,0.07099924,0.02814023,-0.05742400
61146,20171013,PAR,-0.05642400,0.00100000,-0.05742400,0.04685031,0.05501448,0.07635946,0.00536000
61146,20171016,PAR,0.00736000,0.00200000,0.00536000,-0.08039363,0.02302573,0.06690379,-0.02931000
61146,20171017,PAR,-0.02831000,0.00100000,-0.02931000,-0.00860440,0.03240727,0.07198013,0.01591700
61146,20171018,PAR,0.01691700,0.00100000,0.01591700,-0.00565383,-0.05796044,0.06982303,0.00831800
61146,20171019,PAR,0.00831800,0.00000000,0.00831800,0.03346850,0.00845488,0.08070357,0.00874900
61146,20171020,PAR,0.01374900,0.00500000,0.00874900,-0.01299473,-0.02672707,0.02684739,-0.02945400
61146,20171023,PAR,-0.03345400,-0.00400000,-0.02945400,-0.05706093,-0.03406060,-0.01186365,-0.03661200
61146,20171024,PAR,-0.03461200,0.00200000,-0.03661200,-0.05900589,-0.04325363,-0.01244370,0.00596900
61146,20171025,PAR,0.00096900,-0.00500000,0.00596900,-0.07656566,-0.09612410,-0.14893466,-0.04746700
61146,20171026,PAR,-0.04646700,0.00100000,-0.04746700,0.00863382,-0.05710111,-0.04962789,0.05291400
61146,20171027,PAR,0.06091400,0.00800000,0.05291400,0.01047605,-0.02072663,-0.04704050,0.00778500
61146,20171030,PAR,0.00478500,-0.00300000,0.00778500,0.10467981,0.05812591,0.02225065,0.04090500
61146,20171031,PAR,0.04190500,0.00100000,0.04090500,0.08613184,0.08974085,0.04203384,0.03547700
61146,20171101,PAR,0.03747700,0.00200000,0.03547700,0.07795052,0.14429213,0.03338042,0.00000000
61146,20171102,PAR,0.00000000,0.00000000,0.00000000,-0.00409177,0.04485460,-0.01489132,-0.03824200
61146,20171103,PAR,-0.03524200,0.00300000,-0.03824200,-0.20576522,-0.14415988,-0.16246971,-0.17360300
61146,20171106,PAR,-0.17260300,0.00100000,-0.17360300,-0.16699878,-0.13763833,-0.08743207,0.04856500
61146,20171107,PAR,0.04856500,-0.00000000,0.04856500,-0.13624780,-0.16976472,-0.09633741,-0.00310500
61146,20171108,PAR,-0.00210500,0.00100000,-0.00310500,-0.03121199,-0.23006170,-0.12066211,-0.07300400
61146,20171109,PAR,-0.07700400,-0.00400000,-0.07300400,-0.07494598,-0.19790829,-0.16265790,0.00100000
61146,20171110,PAR,0.00000000,-0.00100000,0.00100000,-0.04768623,-0.00472057,-0.14779988,0.02642900
61146,20171113,PAR,0.02742900,0.00100000,0.02642900,-0.05971295,-0.13078980,-0.25052459,-0.08476301
61146,20171114,PAR,-0.08676300,-0.00200000,-0.08476301,-0.11528901,-0.17791556,-0.31633747,-0.05855500
61146,20171115,PAR,-0.06455500,-0.00600000,-0.05855500,-0.14455290,-0.12108934,-0.32340040,-0.00669800
61146,20171116,PAR,0.00130200,0.00800000,-0.00669800,-0.07080964,-0.12708765,-0.29905571,-0.00610300
61146,20171117,PAR,-0.00910300,-0.00300000,-0.00610300,0.01875776,-0.12252840,-0.12629268,0.03180800
61146,20171120,PAR,0.03280800,0.00100000,0.03180800,0.03922912,-0.02886994,-0.15664783,0.01333000
61146,20171121,PAR,0.02033000,0.00700000,0.01333000,0.02712081,0.01403057,-0.16868575,-0.01768000
61146,20171122,PAR,-0.01868000,-0.00100000,-0.01768000,-0.01181717,0.01351890,-0.10993298,-0.00707600
61146,20171124,PAR,-0.00507600,0.00200000,-0.00707600,-0.00224338,0.04347949,-0.09036865,0.02295900
61146,20171127,PAR,0.02295900,-0.00000000,0.02295900,0.01716788,0.01241015,-0.11388027,0.00122200
61146,20171128,PAR,0.01122200,0.01000000,0.00122200,0.03719433,0.01140854,-0.01802933,0.01233100
61146,20171129,PAR,0.01233100,-0.00000000,0.01233100,0.06920208,0.08648310,0.10304796,0.05411900
61146,20171130,PAR,0.06211900,0.00800000,0.05411900,0.07046527,0.09747690,0.11311397,0.00314700
61146,20171201,PAR,0.00114700,-0.00200000,0.00314700,0.04983336,0.06477354,0.11230656,-0.00701800
61146,20171204,PAR,-0.00801800,-0.00100000,-0.00701800,-0.00218734,0.06439456,0.07878031,0.00169100
61146,20171205,PAR,-0.00230900,-0.00400000,0.00169100,-0.02364061,0.03192877,0.04406397,-0.01851900
61146,20171206,PAR,-0.01851900,-0.00000000,-0.01851900,0.01255938,0.00859468,0.09564743,0.03001900
61146,20171207,PAR,0.03301900,0.00300000,0.03001900,0.02107442,0.01549673,0.11512050,0.00998200
61146,20171208,PAR,0.01598200,0.00600000,0.00998200,0.02333277,0.00586037,0.07161957,-0.01648300
61146,20171211,PAR,-0.01348300,0.00300000,-0.01648300,-0.00646934,0.00444944,0.07004076,0.00027800
61146,20171212,PAR,0.00227800,0.00200000,0.00027800,-0.01961245,0.02012959,0.05316957,-0.00340900
61146,20171213,PAR,-0.00340900,-0.00000000,-0.00340900,0.00656366,-0.00014233,0.00851179,0.00970100
61146,20171214,PAR,0.00570100,-0.00400000,0.00970100,0.03026322,0.01360084,0.02951731,0.02388000
61146,20171215,PAR,0.03288000,0.00900000,0.02388000,0.05842605,0.05518937,0.06188489,0.02354000
61146,20171218,PAR,0.02854000,0.00500000,0.02354000,0.04341867,0.04985884,0.05526256,-0.00447100
61146,20171219,PAR,-0.00747100,-0.00300000,-0.00447100,0.01657950,0.05105990,0.07305548,-0.00222600
61146,20171220,PAR,-0.00322600,-0.00100000,-0.00222600,-0.01507180,0.03220490,0.03228145,-0.00847300
61146,20171221,PAR,-0.00647300,0.00200000,-0.00847300,0.01405525,0.03323801,0.04766371,0.02497300
61146,20171222,PAR,0.02497300,-0.00000000,0.02497300,-0.00531357,-0.01193942,0.04228191,-0.02124600
61146,20171226,PAR,-0.02224600,-0.00100000,-0.02124600,0.01628806,0.00545434,0.05567280,0.01308500
61146,20171227,PAR,0.01408500,0.00100000,0.01308500,-0.02318569,-0.00723981,0.04361173,-0.01482100
61146,20171228,PAR,-0.01282100,0.00200000,-0.01482100,0.01501429,0.01821198,0.05112518,0.01690500
61146,20171229,PAR,0.01190500,-0.00500000,0.01690500,-0.02206047,-0.03038895,0.00191331,-0.02404300
61146,20180102,PAR,-0.01604300,0.00800000,-0.02404300,-0.01222462,-0.01417366,-0.02604464,-0.00491300
61146,20180103,PAR,0.00108700,0.00600000,-0.00491300,-0.03414743,-0.03213447,-0.02680540,-0.00508600
61146,20180104,PAR,-0.00108600,0.00400000,-0.00508600,-0.00622438,-0.01361110,-0.02095240,0.00387000
61146,20180105,PAR,0.01087000,0.00700000,0.00387000,-0.01087832,-0.04011571,-0.02201669,-0.00952700
61146,20180108,PAR,-0.00752700,0.00200000,-0.00952700,-0.04480550,-0.05493018,-0.08453485,-0.03892000
61146,20180109,PAR,-0.03792000,0.00100000,-0.03892000,-0.06221461,-0.06408083,-0.07830059,-0.01476600
61146,20180110,PAR,-0.01576600,-0.00100000,-0.01476600,-0.05466994,-0.06064127,-0.09225568,-0.00127900
61146,20180111,PAR,0.00572100,0.00700000,-0.00127900,-0.03668381,-0.08381851,-0.09819271,-0.02065200
61146,20180112,PAR,-0.01365200,0.00700000,-0.02065200,-0.01685813,-0.06958089,-0.10920440,0.00515300
61146,20180116,PAR,0.00115300,-0.00400000,0.00515300,-0.02906374,-0.04509092,-0.09944494,-0.01360800
61146,20180117,PAR,-0.00460800,0.00900000,-0.01360800,-0.03640321,-0.05823491,-0.12043613,-0.02809300
61146,20180118,PAR,-0.03009300,-0.00200000,-0.02809300,0.00511907,-0.01060223,-0.07162087,0.04850600
61146,20180119,PAR,0.05250600,0.00400000,0.04850600,0.04670413,0.03803398,-0.04962013,0.02714700
61146,20180122,PAR,0.03514700,0.00800000,0.02714700,0.03844949,-0.00500765,-0.07576081,-0.03595400
61146,20180123,PAR,-0.03395400,0.00200000,-0.03595400,0.00459855,0.02370495,-0.02252336,0.01460500
61146,20180124,PAR,0.01360500,-0.00100000,0.01460500,-0.04471543,0.02890385,-0.03134012,-0.02337100
61146,20180125,PAR,-0.02237100,0.00100000,-0.02337100,-0.00973120,-0.01986783,-0.03077254,-0.00055800
61146,20180126,PAR,0.01144200,0.01200000,-0.00055800,-0.01598751,-0.03759288,-0.00129003,0.00813100
61146,20180129,PAR,0.00113100,-0.00700000,0.00813100,-0.00415935,-0.01313537,-0.01832413,-0.01159900
61146,20180130,PAR,-0.02259900,-0.01100000,-0.01159900,-0.00922623,-0.03288638,-0.01044521,-0.00578000
61146,20180131,PAR,-0.00578000,0.00000000,-0.00578000,-0.02642878,-0.01918336,0.00869025,-0.00946500
61146,20180201,PAR,-0.01046500,-0.00100000,-0.00946500,0.08440724,0.07910103,0.06019749,0.10090600
61146,20180202,PAR,0.07990600,-0.02100000,0.10090600,0.06091555,0.04301717,0.00682657,-0.02428800
61146,20180205,PAR,-0.06528800,-0.04100000,-0.02428800,0.08160623,0.06578695,0.05198956,0.00977500
61146,20180206,PAR,0.02677500,0.01700000,0.00977500,-0.02156905,0.06485609,0.03117719,-0.00633800
61146,20180207,PAR,-0.01133800,-0.00500000,-0.00633800,0.05447710,0.12365737,0.10287074,0.05061500
61146,20180208,PAR,0.01261500,-0.03800000,0.05061500,0.02051579,0.00456859,0.07970193,-0.02406000
61146,20180209,PAR,-0.00906000,0.01500000,-0.02406000,0.01334057,0.01672907,0.05933638,-0.01400000
61146,20180212,PAR,0.00000000,0.01400000,-0.01400000,-0.05608011,-0.01078049,0.05401205,-0.01785700
61146,20180213,PAR,-0.01485700,0.00300000,-0.01785700,-0.05883483,-0.03120917,0.03359930,-0.02692100
61146,20180214,PAR,-0.01392100,0.01300000,-0.02692100,-0.04308807,-0.08204818,0.04572897,0.00211800
61146,20180215,PAR,0.01411800,0.01200000,0.00211800,0.13377753,0.09908847,0.09910765,0.15893300
61146,20180216,PAR,0.15893300,0.00000000,0.15893300,0.31877859,0.26479603,0.28682631,0.13312700
61146,20180220,PAR,0.12712701,-0.00600000,0.13312700,0.28359193,0.25871242,0.24191555,-0.02075500
61146,20180221,PAR,-0.02575500,-0.00500000,-0.02075500,0.12409459,0.30751274,0.26848610,0.01358500
61146,20180222,PAR,0.01458500,0.00100000,0.01358500,0.01471128,0.33520722,0.24470638,0.02263400
61146,20180223,PAR,0.03863400,0.01600000,0.02263400,-0.01554684,0.09518292,0.20953689,-0.05006200
61146,20180226,PAR,-0.03806200,0.01200000,-0.05006200,0.00494046,-0.00276903,0.26408219,0.03368300
61146,20180227,PAR,0.02068300,-0.01300000,0.03368300,-0.03283968,0.00171402,0.26210090,-0.01631300
61146,20180228,PAR,-0.02731300,-0.01100000,-0.01631300,0.01856023,-0.00948380,0.29220847,0.00213000
61146,20180301,PAR,-0.01087000,-0.01300000,0.00213000,0.00223556,-0.01449238,0.30903082,0.01697800
61146,20180302,PAR,0.02197800,0.00500000,0.01697800,-0.08165138,-0.06435435,0.02154296,-0.09971000
61146,20180305,PAR,-0.08871000,0.01100000,-0.09971000,-0.07587979,-0.08730210,-0.09075443,0.00978300
61146,20180306,PAR,0.01278300,0.00300000,0.00978300,-0.02657778,-0.00766680,-0.00599166,0.06990300
61146,20180307,PAR,0.06990300,-0.00000000,0.06990300,0.15129670,0.05557452,0.04482226,0.06496500
61146,20180308,PAR,0.06896500,0.00400000,0.06496500,0.08961178,-0.01030695,-0.02495567,-0.04586200
61146,20180309,PAR,-0.02886200,0.01700000,-0.04586200,0.00808418,0.09095484,0.01734292,-0.00861500
61146,20180312,PAR,-0.00961500,-0.00100000,-0.00861500,-0.04978418,0.08413239,-0.01216875,0.00423500
61146,20180313,PAR,-0.00176500,-0.00600000,0.00423500,-0.00278182,0.01393598,0.00618381,0.00157900
61146,20180314,PAR,-0.00442100,-0.00600000,0.00157900,-0.03647435,-0.08856175,-0.03980489,-0.04251700
61146,20180315,PAR,-0.04351700,-0.00100000,-0.04251700,-0.06661065,-0.07020094,-0.08214587,-0.02707000
61146,20180316,PAR,-0.02507000,0.00200000,-0.02707000,0.06097331,0.06630706,0.16256713,0.13781001
61146,20180319,PAR,0.12381000,-0.01400000,0.13781001,0.11688970,0.07100700,0.16059152,0.00832200
61146,20180320,PAR,0.00932200,0.00100000,0.00832200,0.07498860,0.00245973,0.01625411,-0.06349100
61146,20180321,PAR,-0.06549100,-0.00200000,-0.06349100,-0.02487071,0.07761812,-0.01426033,0.03128900
61146,20180322,PAR,0.00628900,-0.02500000,0.03128900,-0.01810730,0.11978168,0.04393524,0.01475000
61146,20180323,PAR,-0.00625000,-0.02100000,0.01475000,0.02419459,-0.03185774,0.03175621,-0.02250800
61146,20180326,PAR,0.00449200,0.02700000,-0.02250800,0.17058788,0.12813538,0.20322077,0.17800200
61146,20180327,PAR,0.16100200,-0.01700000,0.17800200,0.18665871,0.23242947,0.23210920,0.02611200
61146,20180328,PAR,0.02311200,-0.00300000,0.02611200,0.26651431,0.25886429,0.34675338,0.04699400
61146,20180329,PAR,0.06099400,0.01400000,0.04699400,0.09063528,0.26060903,0.39580578,0.01632200
61146,20180402,PAR,-0.00567800,-0.02200000,0.01632200,-0.00910200,0.19792505,0.15616018,-0.06938800
61146,20180403,PAR,-0.05638800,0.01300000,-0.06938800,-0.05299272,0.01722735,0.14865168,0.00010300
61146,20180404,PAR,0.01210300,0.01200000,0.00010300,-0.07016170,-0.00869490,0.22757644,0.00047400
61146,20180405,PAR,0.00747400,0.00700000,0.00047400,0.03208032,-0.02218534,0.22769499,0.03090200
61146,20180406,PAR,0.00890200,-0.02200000,0.03090200,0.03312652,-0.03763113,0.21653710,0.00141200
61146,20180409,PAR,0.00441200,0.00300000,0.00141200,0.03577335,0.03705896,0.24504119,0.00276600
61146,20180410,PAR,0.01976600,0.01700000,0.00276600,-0.01245945,0.01937233,0.03717195,-0.01625400
61146,20180411,PAR,-0.02225400,-0.00600000,-0.01625400,0.02347467,0.05682290,0.04898763,0.03752100
61146,20180412,PAR,0.04552100,0.00800000,0.03752100,-0.02048247,-0.01676967,-0.03879281,-0.03983700
61146,20180413,PAR,-0.04283700,-0.00300000,-0.03983700,0.04278464,0.02865355,-0.01059863,0.04702600
61146,20180416,PAR,0.05502600,0.00800000,0.04702600,-0.03148006,-0.01155318,0.02555287,-0.03603500
61146,20180417,PAR,-0.02503500,0.01100000,-0.03603500,0.01290870,0.00859090,0.02860519,0.00328000
61146,20180418,PAR,0.00428000,0.00100000,0.00328000,-0.06018102,-0.05588799,-0.00159416,-0.02809100
61146,20180419,PAR,-0.03409100,-0.00600000,-0.02809100,-0.01884896,-0.00999587,-0.02686911,0.00605900
61146,20180420,PAR,-0.00294100,-0.00900000,0.00605900,-0.02766789,-0.05947264,-0.03404308,-0.00590000
61146,20180423,PAR,-0.00590000,0.00000000,-0.00590000,0.00938304,-0.01530304,-0.02664571,0.00929100
61146,20180424,PAR,-0.00370900,-0.01300000,0.00929100,0.00807563,-0.01396597,-0.00606847,0.00470100
61146,20180425,PAR,0.00670100,0.00200000,0.00470100,0.03674401,0.03659591,-0.02037090,0.02254400
61146,20180426,PAR,0.03254400,0.01000000,0.02254400,0.08227621,0.08494475,0.07451404,0.05272500
61146,20180427,PAR,0.05372500,0.00100000,0.05272500,0.05403044,0.06822480,0.00496606,-0.02055200
61146,20180430,PAR,-0.02855200,-0.00800000,-0.02055200,0.05488865,0.08438728,0.06541147,0.02359200
61146,20180501,PAR,0.02659200,0.00300000,0.02359200,-0.00160771,0.07433496,0.05742797,-0.00390700
61146,20180502,PAR,-0.01090700,-0.00700000,-0.00390700,0.01231100,0.04306477,0.08032562,-0.00695900
61146,20180503,PAR,-0.00895900,-0.00200000,-0.00695900,-0.00457932,-0.00225313,0.08240316,0.00647100
61146,20180504,PAR,0.01947100,0.01300000,0.00647100,-0.02089866,-0.00153245,0.06727772,-0.02005300
61146,20180507,PAR,-0.01705300,0.00300000,-0.02005300,-0.01951661,-0.03008600,0.05210646,-0.00555200
61146,20180508,PAR,-0.00555200,-0.00000000,-0.00555200,-0.02803712,-0.02897167,0.04503683,-0.00232400
61146,20180509,PAR,0.00767600,0.01000000,-0.00232400,-0.00521104,-0.01944131,0.02456456,0.00277300
61146,20180510,PAR,0.01177300,0.00900000,0.00277300,-0.00926485,-0.03510563,-0.03729392,-0.00952900
61146,20180511,PAR,-0.00752900,0.00200000,-0.00952900,-0.00094802,-0.00896384,-0.01060550,0.00589700
61146,20180514,PAR,0.00689700,0.00100000,0.00589700,-0.01582981,-0.01569149,-0.04586492,-0.01217800
61146,20180515,PAR,-0.01917800,-0.00700000,-0.01217800,-0.01245119,-0.01935157,-0.04848960,-0.00609500
61146,20180516,PAR,-0.00209500,0.00400000,-0.00609500,-0.03912526,-0.04276966,-0.06287490,-0.02139300
61146,20180517,PAR,-0.02239300,-0.00100000,-0.02139300,-0.05445573,-0.06018596,-0.09442338,-0.02778000
61146,20180518,PAR,-0.03078000,-0.00300000,-0.02778000,-0.04216318,-0.05952679,-0.06927497,0.00703200
61146,20180521,PAR,0.01403200,0.00700000,0.00703200,-0.01886241,-0.04586495,-0.06158668,0.00227200
61146,20180522,PAR,-0.00072800,-0.00300000,0.00227200,0.01221139,-0.03725521,-0.05627721,0.00283100
61146,20180523,PAR,0.00583100,0.00300000,0.00283100,0.00637904,-0.01484691,-0.05705012,0.00127500
61146,20180524,PAR,-0.00072500,-0.00200000,0.00127500,0.01485616,0.02435909,-0.03761816,0.01070200
61146,20180525,PAR,0.00870200,-0.00200000,0.01070200,0.02681775,0.03198077,-0.02850186,0.01487600
61146,20180529,PAR,0.00287600,-0.01200000,0.01487600,0.00188304,0.00599565,-0.04011295,-0.02375300
61146,20180530,PAR,-0.01075300,0.01300000,-0.02375300,0.01335070,0.02535009,-0.01239684,0.02221700
61146,20180531,PAR,0.01521700,-0.00700000,0.02221700,0.00954851,0.03567259,0.02032505,0.01112700
61146,20180601,PAR,0.02212700,0.01100000,0.01112700,0.03408989,0.02499898,0.05025530,0.00019000
61146,20180604,PAR,0.00419000,0.00400000,0.00019000,0.00678183,0.00517652,0.03794584,-0.00447700
61146,20180605,PAR,-0.00347700,0.00100000,-0.00447700,-0.03499869,-0.00208553,0.00400605,-0.03063300
61146,20180606,PAR,-0.02163300,0.00900000,-0.03063300,-0.03264350,-0.02203760,0.00359007,0.00242600
61146,20180607,PAR,0.00142600,-0.00100000,0.00242600,-0.02985666,-0.03423051,0.00069989,-0.00157500
61146,20180608,PAR,0.00142500,0.00300000,-0.00157500,0.05049605,0.01408301,0.03988377,0.04949800
61146,20180611,PAR,0.05049800,0.00100000,0.04949800,0.04028637,0.01107252,0.01662339,-0.00741600
61146,20180612,PAR,-0.00541600,0.00200000,-0.00741600,0.05079708,0.05179715,0.05053530,0.00876500
61146,20180613,PAR,0.00476500,-0.00400000,0.00876500,-0.00134222,0.04657934,0.02455351,-0.00267800
61146,20180614,PAR,-0.00067800,0.00200000,-0.00267800,0.00913207,0.05122211,0.01606203,0.00303400
61146,20180615,PAR,0.00203400,-0.00100000,0.00303400,0.03826611,0.03957016,0.05468397,0.03785900
61146,20180618,PAR,0.03585900,-0.00200000,0.03785900,0.02529070,0.03144326,0.04320629,-0.01494200
61146,20180619,PAR,-0.01894200,-0.00400000,-0.01494200,0.12849641,0.12902562,0.18747711,0.10452500
61146,20180620,PAR,0.10652500,0.00200000,0.10452500,0.06155538,0.10452867,0.15588309,-0.02348300
61146,20180621,PAR,-0.02948300,-0.00600000,-0.02348300,0.09789231,0.12166669,0.17870946,0.01845900
61146,20180622,PAR,0.02045900,0.00200000,0.01845900,-0.02897567,0.05454576,0.09532157,-0.02366700
61146,20180625,PAR,-0.03766700,-0.01400000,-0.02366700,0.02803122,0.10723282,0.14064393,0.03461600
61146,20180626,PAR,0.03661600,0.00200000,0.03461600,-0.00095106,-0.00643959,0.11856853,-0.01048800
61146,20180627,PAR,-0.01948800,-0.00900000,-0.01048800,0.05282846,0.04593447,0.15339396,0.02878300
61146,20180628,PAR,0.03478300,0.00600000,0.02878300,0.07879414,0.08818071,0.21815995,0.06022500
61146,20180629,PAR,0.06122500,0.00100000,0.06022500,0.05394859,0.07850153,0.13592514,-0.03410900
61146,20180702,PAR,-0.03110900,0.00300000,-0.03410900,0.03643097,0.05461666,0.16650405,0.01200500
61146,20180703,PAR,0.00700500,-0.00500000,0.01200500,-0.02223938,0.06734457,0.05870764,0.00027500
61146,20180705,PAR,0.00927500,0.00900000,0.00027500,0.01895297,0.04398620,0.09210269,0.00636000
61146,20180706,PAR,0.01436000,0.00800000,0.00636000,-0.06216768,-0.08354760,0.00057078,-0.06732400
61146,20180709,PAR,-0.05832400,0.00900000,-0.06732400,-0.10398280,-0.09304310,-0.02022261,-0.04389000
61146,20180710,PAR,-0.04089000,0.00300000,-0.04389000,-0.08761554,-0.08296876,-0.03133910,0.02267400
61146,20180711,PAR,0.01567400,-0.00700000,0.02267400,0.00948897,-0.05311550,0.01139551,0.03235800
61146,20180712,PAR,0.04135800,0.00900000,0.03235800,0.06602673,-0.04954255,-0.00787025,0.00967000
61146,20180713,PAR,0.01067000,0.00100000,0.00967000,0.03421061,0.01129364,-0.07333756,-0.00779800
61146,20180716,PAR,-0.00879800,-0.00100000,-0.00779800,0.06298379,0.12258294,0.02054265,0.06108900
61146,20180717,PAR,0.06508900,0.00400000,0.06108900,0.08414783,0.13123562,0.03902900,0.02966700
61146,20180718,PAR,0.03166700,0.00200000,0.02966700,0.07967303,0.08159723,0.02584556,-0.01161700
61146,20180719,PAR,-0.01561700,-0.00400000,-0.01161700,0.02911711,0.08330335,0.03088433,0.01139400
61146,20180720,PAR,0.01039400,-0.00100000,0.01139400,-0.00130216,0.09109941,0.10390579,-0.00091700
61146,20180723,PAR,0.00108300,0.00200000,-0.00091700,-0.00326711,0.01435097,0.13926662,-0.01365300
61146,20180724,PAR,-0.00865300,0.00500000,-0.01365300,-0.00416123,-0.00453444,0.12748096,0.01064000
61146,20180725,PAR,0.01964000,0.00900000,0.01064000,0.01387574,0.02464083,0.10927768,0.01691100
61146,20180726,PAR,0.01391100,-0.00300000,0.01691100,0.01197944,-0.00268507,0.08088894,-0.01516400
61146,20180727,PAR,-0.02216400,-0.00700000,-0.01516400,-0.00708841,-0.01034160,0.07959373,-0.00857100
61146,20180730,PAR,-0.01457100,-0.00600000,-0.00857100,-0.00622580,0.02119144,0.03590083,0.01800100
61146,20180731,PAR,0.02300100,0.00500000,0.01800100,0.03278969,0.03392384,0.02966298,0.02348400
61146,20180801,PAR,0.02248400,-0.00100000,0.02348400,0.04246397,0.01725230,0.04242544,0.00023600
61146,20180802,PAR,0.00523600,0.00500000,0.00023600,-0.00740870,0.00173837,-0.00096247,-0.03052100
61146,20180803,PAR,-0.02552100,0.00500000,-0.03052100,-0.03710108,0.00379007,-0.00678602,-0.00667200
61146,20180806,PAR,-0.00267200,0.00400000,-0.00667200,-0.04590105,-0.02304890,-0.00195658,-0.00889500
61146,20180807,PAR,-0.00589500,0.00300000,-0.00889500,-0.03052816,-0.06056186,-0.02738617,-0.01509400
61146,20180808,PAR,-0.01509400,-0.00000000,-0.01509400,0.14484138,0.10354882,0.12235756,0.17231899
61146,20180809,PAR,0.17131899,-0.00100000,0.17231899,0.15462377,0.13786268,0.14093846,0.00092500
61146,20180810,PAR,-0.00607500,-0.00700000,0.00092500,0.22597240,0.19763540,0.20572084,0.04678300
61146,20180813,PAR,0.04278300,-0.00400000,0.04678300,0.08073823,0.24700287,0.22237418,0.03187200
61146,20180814,PAR,0.03787200,0.00600000,0.03187200,0.05493441,0.23511102,0.16517943,-0.02284300
61146,20180815,PAR,-0.03084300,-0.00800000,-0.02284300,0.01435228,0.06257699,0.17276786,0.00634300
61146,20180816,PAR,0.01434300,0.00800000,0.00634300,0.00140799,0.08205880,0.23182719,0.01865300
61146,20180817,PAR,0.02165300,0.00300000,0.01865300,0.07166958,0.08010163,0.29501561,0.04471300
61146,20180820,PAR,0.04671300,0.00200000,0.04471300,0.03938275,0.02171872,0.27567220,-0.02348800
61146,20180821,PAR,-0.02148800,0.00200000,-0.02348800,0.00205166,0.02750999,0.27224782,-0.01773600
61146,20180822,PAR,-0.01773600,-0.00000000,-0.01773600,-0.04338420,0.01797719,0.08190043,-0.00272900
61146,20180823,PAR,-0.00472900,-0.00200000,-0.00272900,-0.02214585,-0.00238435,0.08012420,-0.00168000
61146,20180824,PAR,0.00432000,0.00600000,-0.00168000,-0.00858006,-0.04958061,0.02713051,-0.00412900
61146,20180827,PAR,0.00387100,0.00800000,-0.00412900,0.00150348,-0.01919762,0.00223175,0.00728400
61146,20180828,PAR,0.00728400,0.00000000,0.00728400,0.00143670,-0.00304341,0.02483470,-0.00174600
61146,20180829,PAR,0.00425400,0.00600000,-0.00174600,0.02373173,0.01807463,0.03675572,0.01797700
61146,20180830,PAR,0.01397700,-0.00400000,0.01797700,0.09032587,0.09452548,0.09264888,0.07268200
61146,20180831,PAR,0.07268200,0.00000000,0.07268200,0.08392570,0.09043224,0.03763936,-0.00695600
61146,20180904,PAR,-0.00895600,-0.00200000,-0.00695600,-0.00336002,0.01281151,-0.00641995,-0.06419100
61146,20180905,PAR,-0.06719100,-0.00300000,-0.06419100,-0.15613518,-0.07897205,-0.08316452,-0.09288300
61146,20180906,PAR,-0.09688300,-0.00400000,-0.09288300,-0.14033869,-0.08469951,-0.06971341,0.01179500
61146,20180907,PAR,0.00979500,-0.00200000,0.01179500,0.01032232,-0.06072625,0.02660364,0.10146400
61146,20180910,PAR,0.10346400,0.00200000,0.10146400,0.19050077,0.00930664,0.10030714,0.06799700
61146,20180911,PAR,0.07199700,0.00400000,0.06799700,0.15380712,0.05772845,0.07110450,-0.01952400
61146,20180912,PAR,-0.01952400,0.00000000,-0.01952400,0.03911707,0.15889422,0.06460617,-0.00778800
61146,20180913,PAR,-0.00278800,0.00500000,-0.00778800,-0.06903844,0.09612047,0.00129160,-0.04273200
61146,20180914,PAR,-0.04273200,0.00000000,-0.04273200,-0.09216099,-0.04984844,-0.10728015,-0.04406300
61146,20180917,PAR,-0.05006300,-0.00600000,-0.04406300,-0.06806062,-0.09377523,-0.08502122,0.01871500
61146,20180918,PAR,0.02371500,0.00500000,0.01871500,-0.09341986,-0.13957782,-0.08961734,-0.06878200
61146,20180919,PAR,-0.06778200,0.00100000,-0.06878200,-0.04699113,-0.12857653,0.00999459,0.00534600
61146,20180920,PAR,0.01334600,0.00800000,0.00534600,-0.08236716,-0.10684318,-0.02140588,-0.01907400
61146,20180921,PAR,-0.01907400,-0.00000000,-0.01907400,0.02732504,-0.02580754,-0.07494439,0.04150000
61146,20180924,PAR,0.03750000,-0.00400000,0.04150000,0.05540371,-0.01168959,-0.10478698,0.03312800
61146,20180925,PAR,0.03212800,-0.00100000,0.03312800,0.01677730,0.00280588,-0.13714338,-0.05493300
61146,20180926,PAR,-0.05793300,-0.00300000,-0.05493300,-0.02085639,0.00046305,-0.12752581,0.00296600
61146,20180927,PAR,0.00596600,0.00300000,0.00296600,-0.03933366,0.03370834,-0.07593298,0.01368600
61146,20180928,PAR,0.01368600,-0.00000000,0.01368600,0.04438730,0.01932405,-0.00686610,0.02705300
61146,20181001,PAR,0.03105300,0.00400000,0.02705300,0.07127301,0.01503167,0.00317934,0.02880800
61146,20181002,PAR,0.02880800,-0.00000000,0.02880800,0.00849701,0.02548194,0.02838068,-0.04554800
61146,20181003,PAR,-0.04454800,0.00100000,-0.04554800,-0.02965717,0.00987885,0.01029563,-0.01198200
61146,20181004,PAR,-0.01998200,-0.00800000,-0.01198200,-0.06128097,-0.00898444,0.02416204,-0.00532800
61146,20181005,PAR,-0.01132800,-0.00600000,-0.00532800,-0.06286835,-0.07957003,-0.06227182,-0.04720400
61146,20181008,PAR,-0.04720400,-0.00000000,-0.04720400,-0.04964397,-0.10272038,-0.08985246,0.00244300
61146,20181009,PAR,0.00144300,-0.00100000,0.00244300,-0.06135780,-0.07600028,-0.05427341,-0.01887300
61146,20181010,PAR,-0.05187300,-0.03300000,-0.01887300,0.06579847,0.01280609,0.02218056,0.08635000
61146,20181011,PAR,0.06535000,-0.02100000,0.08635000,0.04677789,0.00160053,-0.00704424,-0.01732900
61146,20181012,PAR,-0.00332900,0.01400000,-0.01732900,0.12064644,0.09823453,0.01329554,0.04893900
61146,20181015,PAR,0.04293900,-0.00600000,0.04893900,0.05746003,0.12327750,0.00882154,0.02428800
61146,20181016,PAR,0.04528800,0.02100000,0.02428800,0.03522171,0.10752379,0.01768236,-0.03676100
61146,20181017,PAR,-0.03676100,-0.00000000,-0.03676100,0.01021969,0.04238557,0.05338229,0.02399500
61146,20181018,PAR,0.00999500,-0.01400000,0.02399500,-0.06258616,0.00601368,0.00737826,-0.05083200
61146,20181019,PAR,-0.05083200,-0.00000000,-0.05083200,-0.03248813,-0.04659525,0.04950434,-0.00547900
61146,20181022,PAR,-0.00947900,-0.00400000,-0.00547900,-0.08494122,-0.09563889,0.01537510,-0.03132100
61146,20181023,PAR,-0.03732100,-0.00600000,-0.03132100,-0.05696428,-0.08084211,0.01156845,-0.02267800
61146,20181024,PAR,-0.05367800,-0.03100000,-0.02267800,-0.02789824,-0.08102464,-0.04421351,0.02774400
61146,20181025,PAR,0.04674400,0.01900000,0.02774400,-0.01684751,-0.05146390,-0.04602886,-0.02013000
61146,20181026,PAR,-0.03713000,-0.01700000,-0.02013000,-0.06609382,-0.11211501,-0.15183183,-0.07168700
61146,20181029,PAR,-0.07868700,-0.00700000,-0.07168700,-0.10814430,-0.10400322,-0.18523198,-0.01995900
61146,20181030,PAR,-0.00395900,0.01600000,-0.01995900,-0.09763013,-0.09207400,-0.16224567,-0.00588900
61146,20181031,PAR,0.00511100,0.01100000,-0.00588900,-0.03281813,-0.12155226,-0.19110864,-0.00648000
61146,20181101,PAR,0.00452000,0.01100000,-0.00648000,0.06635175,-0.03179228,-0.08166583,0.07799099
61146,20181102,PAR,0.07199100,-0.00600000,0.07799099,0.00316099,-0.02316530,-0.13602075,-0.06423700
61146,20181105,PAR,-0.05823700,0.00600000,-0.06423700,0.03340583,0.02118705,-0.08839392,0.02352600
61146,20181106,PAR,0.02952600,0.00600000,0.02352600,-0.01754948,0.05539800,-0.04410925,0.02661900
61146,20181107,PAR,0.04761900,0.02100000,0.02661900,0.03890722,0.04910734,-0.08066068,-0.01146300
61146,20181108,PAR,-0.01446300,-0.00300000,-0.01146300,-0.09156776,-0.13162058,-0.16318630,-0.10263500
61146,20181109,PAR,-0.11163500,-0.00900000,-0.10263500,-0.11547740,-0.07475525,-0.09893558,-0.00595900
61146,20181112,PAR,-0.02595900,-0.02000000,-0.00595900,-0.09756716,-0.08663752,-0.06999318,0.00948000
61146,20181113,PAR,0.00848000,-0.00100000,0.00948000,-0.01956527,-0.12639843,-0.08509504,-0.02323100
61146,20181114,PAR,-0.03123100,-0.00800000,-0.02323100,-0.00857124,-0.11349493,-0.07401001,0.00573900
61146,20181115,PAR,0.01673900,0.01100000,0.00573900,-0.01632850,-0.01274259,-0.14082483,0.00165900
61146,20181116,PAR,0.00365900,0.00200000,0.00165900,0.01225905,-0.00198808,-0.07560054,0.00484900
61146,20181119,PAR,-0.01215100,-0.01700000,0.00484900,0.04251951,0.02454166,-0.06193160,0.03645000
61146,20181120,PAR,0.01845000,-0.01800000,0.03645000,0.07128770,0.07994696,-0.05736410,0.03021300
61146,20181121,PAR,0.03321300,0.00300000,0.03021300,0.11665954,0.12201866,-0.00445522,0.04732700
61146,20181123,PAR,0.04032700,-0.00700000,0.04732700,0.06960747,0.11128493,0.09562086,-0.00982000
61146,20181126,PAR,0.00618000,0.01600000,-0.00982000,0.07399958,0.14600000,0.14180782,0.03440900
61146,20181127,PAR,0.03740900,0.00300000,0.03440900,0.06256977,0.14950749,0.17418085,0.03566500
61146,20181128,PAR,0.05866500,0.02300000,0.03566500,0.07369374,0.11591708,0.20555451,0.00149200
61146,20181129,PAR,-0.00050800,-0.00200000,0.00149200,0.04030845,0.06756831,0.20130029,0.00268200
61146,20181130,PAR,0.01068200,0.00800000,0.00268200,-0.00993205,0.06252249,0.18416312,-0.01402000
61146,20181203,PAR,-0.00302000,0.01100000,-0.01402000,-0.02055629,0.01491934,0.16409164,-0.00939300
61146,20181204,PAR,-0.04139300,-0.03200000,-0.00939300,0.00418517,0.00831470,0.15677260,0.02833000
61146,20181206,PAR,0.02633000,-0.00200000,0.02833000,0.02384881,0.01321590,0.12668162,0.00658100
61146,20181207,PAR,-0.01641900,-0.02300000,0.00658100,0.04354141,0.01920468,0.08604249,0.00895500
61146,20181210,PAR,0.01095500,0.00200000,0.00895500,0.01488905,0.03205741,0.09458778,-0.00051600
61146,20181211,PAR,-0.00051600,-0.00000000,-0.00051600,0.02376739,0.05866671,0.07461034,0.01513400
61146,20181212,PAR,0.02013400,0.00500000,0.01513400,0.01976786,0.03513544,0.04299435,0.00506100
61146,20181213,PAR,0.00506100,-0.00000000,0.00506100,0.00480249,0.01316708,0.02589460,-0.01473600
61146,20181214,PAR,-0.03373600,-0.01900000,-0.01473600,-0.07122856,-0.05859607,-0.03861472,-0.06341900
61146,20181217,PAR,-0.08441900,-0.02100000,-0.06341900,-0.04045892,-0.02198928,0.00944095,0.03984100
61146,20181218,PAR,0.03984100,0.00000000,0.03984100,-0.02319923,-0.03202439,0.02217539,0.00350600
61146,20181219,PAR,-0.01149400,-0.01500000,0.00350600,0.04157486,-0.03659633,-0.00458500,-0.00061100
61146,20181220,PAR,-0.01661100,-0.01600000,-0.00061100,-0.01675665,-0.04151751,-0.02932916,-0.02010400
61146,20181221,PAR,-0.04110400,-0.02100000,-0.02010400,0.05658282,0.09836196,0.03507568,0.08102200
61146,20181224,PAR,0.05402200,-0.02700000,0.08102200,0.08538979,0.08585269,0.05966021,0.02409500
61146,20181226,PAR,0.07409500,0.05000000,0.02409500,0.14179136,0.11270821,0.07120995,0.02678800
61146,20181227,PAR,0.03578800,0.00900000,0.02678800,0.17503566,0.23843280,0.17632514,0.10966300
61146,20181228,PAR,0.10866300,-0.00100000,0.10966300,0.11205693,0.23910522,0.16909463,-0.02561500
61146,20181231,PAR,-0.01761500,0.00800000,-0.02561500,,,,
