PERMNO,date,TICKER,C2C,indexC2C,C2CindexAdj,C2CindexAdjFwd3Days,C2CindexAdjFwd5Days,C2CindexAdjFwd10Days,C2CindexAdjFwd1Day
75241,20010102,PXD,-0.02857100,-0.02800000,-0.00057100,,,,-0.09575200
75241,20010103,PXD,-0.04575200,0.05000000,-0.09575200,-0.12365944,,,-0.03352100
75241,20010104,PXD,-0.04452100,-0.01100000,-0.03352100,-0.07027458,,,0.05825800
75241,20010105,PXD,0.03225800,-0.02600000,0.05825800,0.10713288,0.00931207,,0.08533300
75241,20010108,PXD,0.08333300,-0.00200000,0.08533300,0.08857555,-0.04287797,,-0.05207700
75241,20010109,PXD,-0.04807700,0.00400000,-0.05207700,0.06437660,0.08678605,,0.03377100
75241,20010110,PXD,0.04377100,0.01000000,0.03377100,-0.07546218,0.06537524,,-0.05516100
75241,20010111,PXD,-0.04516100,0.01000000,-0.05516100,-0.02408039,0.00483376,,-0.00075700
75241,20010112,PXD,-0.00675700,-0.00600000,-0.00075700,-0.09060859,-0.11068179,-0.10009070,-0.03661200
75241,20010116,PXD,-0.03061200,0.00600000,-0.03661200,-0.04926096,-0.07260791,-0.11429802,-0.01252600
75241,20010117,PXD,-0.01052600,0.00200000,-0.01252600,-0.10375619,-0.15518298,-0.07569329,-0.05655300
75241,20010118,PXD,-0.04255300,0.01400000,-0.05655300,-0.05406877,-0.08962986,-0.02893616,0.01511100
75241,20010119,PXD,0.01111100,-0.00400000,0.01511100,-0.00994401,-0.05885147,-0.05515658,0.03296700
75241,20010122,PXD,0.03296700,0.00000000,0.03296700,0.04660708,-0.02511939,-0.13640766,-0.00236200
75241,20010123,PXD,0.01063800,0.01300000,-0.00236200,0.04256854,-0.00132024,-0.07575963,0.01103500
75241,20010124,PXD,0.01403500,0.00300000,0.01103500,-0.00386703,0.04493630,-0.11711798,-0.01230100
75241,20010125,PXD,-0.01730100,-0.00500000,-0.01230100,-0.01353351,0.01670312,-0.07502563,-0.01208500
75241,20010126,PXD,-0.01408500,-0.00200000,-0.01208500,-0.00342216,0.00527581,-0.05473259,0.02157100
75241,20010129,PXD,0.02857100,0.00700000,0.02157100,-0.02610652,-0.02752675,-0.05289688,-0.03477800
75241,20010130,PXD,-0.02777800,0.00700000,-0.03477800,-0.00796533,-0.03206200,-0.03417931,0.00600000
75241,20010131,PXD,0.00000000,-0.00600000,0.00600000,-0.04207374,-0.03351445,0.01017741,-0.01357100
75241,20010201,PXD,-0.00857100,0.00500000,-0.01357100,0.01629824,0.00250169,0.01919852,0.02391600
75241,20010202,PXD,0.00691600,-0.01700000,0.02391600,0.03670520,0.00718330,0.01257404,0.02633800
75241,20010205,PXD,0.03033800,0.00400000,0.02633800,0.05826996,0.05034292,0.02237487,0.00755600
75241,20010206,PXD,0.00555600,-0.00200000,0.00755600,0.06784521,0.07803720,0.04412317,0.03286200
75241,20010207,PXD,0.02486200,-0.00800000,0.03286200,0.02148001,0.07201204,0.03783941,-0.01825900
75241,20010208,PXD,-0.02425900,-0.00600000,-0.01825900,0.07759964,0.11355661,0.11580143,0.06382900
75241,20010209,PXD,0.05082900,-0.01300000,0.06382900,0.01469650,0.05539590,0.06245665,-0.02935000
75241,20010212,PXD,-0.01735000,0.01200000,-0.02935000,0.05765971,0.07147011,0.12305747,0.02344600
75241,20010213,PXD,0.01444600,-0.00900000,0.02344600,-0.01297858,0.03099081,0.10947872,-0.00696600
75241,20010214,PXD,-0.00896600,-0.00200000,-0.00696600,-0.03384865,-0.00130244,0.07034924,-0.05004400
75241,20010215,PXD,-0.04204400,0.00800000,-0.05004400,-0.01693346,-0.02284725,0.08751538,0.04066700
75241,20010216,PXD,0.02166700,-0.01900000,0.04066700,-0.01567835,0.00011352,0.05337342,-0.00583900
75241,20010220,PXD,-0.02283900,-0.01700000,-0.00583900,0.01788777,-0.03657776,0.02969966,-0.01550200
75241,20010221,PXD,-0.03450200,-0.01900000,-0.01550200,-0.04015420,-0.04905420,-0.02019610,-0.02047800
75241,20010222,PXD,-0.02247800,-0.00200000,-0.02047800,-0.02213407,0.01100028,0.00971723,0.01366500
75241,20010223,PXD,0.00766500,-0.00600000,0.01366500,-0.01233381,-0.03269763,-0.05384228,-0.00529700
75241,20010226,PXD,0.01170300,0.01700000,-0.00529700,-0.01637222,-0.05079360,-0.04872539,-0.02438900
75241,20010227,PXD,-0.03238900,-0.00800000,-0.02438900,-0.00878303,-0.01561189,-0.05038090,0.02117300
75241,20010228,PXD,0.00717300,-0.01400000,0.02117300,0.00355905,0.01200909,-0.03771240,0.00730900
75241,20010301,PXD,0.00830900,0.00100000,0.00730900,0.02670649,-0.00321831,0.00783203,-0.00165200
75241,20010302,PXD,-0.00765200,-0.00600000,-0.00165200,0.04888761,0.04407972,0.00943031,0.04322900
75241,20010305,PXD,0.04922900,0.00600000,0.04322900,0.02299658,0.05219401,-0.00203965,-0.01791400
75241,20010306,PXD,-0.00791400,0.01000000,-0.01791400,0.15815205,0.16396934,0.14336617,0.12790300
75241,20010307,PXD,0.13390300,0.00600000,0.12790300,0.09779274,0.14380417,0.15628453,-0.01004000
75241,20010308,PXD,-0.00804000,0.00200000,-0.01004000,0.14254496,0.17281666,0.16727709,0.02550700
75241,20010309,PXD,0.00050700,-0.02500000,0.02550700,-0.00026740,0.10148556,0.14570720,-0.01522800
75241,20010312,PXD,-0.05822800,-0.04300000,-0.01522800,-0.04636168,0.05844669,0.11113888,-0.05908600
75241,20010313,PXD,-0.04408600,0.01500000,-0.05908600,-0.06761842,-0.05243201,0.08963291,0.00181600
75241,20010314,PXD,-0.02418400,-0.02600000,0.00181600,-0.09131511,-0.07691727,0.04408060,-0.03770000
75241,20010315,PXD,-0.03170000,0.00600000,-0.03770000,-0.02380140,-0.08970274,0.05611427,0.01107100
75241,20010316,PXD,-0.00892900,-0.02000000,0.01107100,-0.01227162,-0.06746306,0.02975994,0.01503300
75241,20010319,PXD,0.03303300,0.01800000,0.01503300,0.04177854,0.00543403,0.06126753,0.01586000
75241,20010320,PXD,-0.00814000,-0.02400000,0.01586000,0.01170340,-0.01435711,-0.06295212,-0.01834200
75241,20010321,PXD,-0.03634200,-0.01800000,-0.01834200,-0.01273845,0.01193917,-0.06309081,-0.01059900
75241,20010322,PXD,-0.01459900,-0.00400000,-0.01059900,-0.00349578,0.02740072,-0.06581499,0.02691300
75241,20010323,PXD,0.04691300,0.02000000,0.02691300,-0.02040563,-0.02219316,-0.08693340,-0.03517500
75241,20010326,PXD,-0.02417500,0.01100000,-0.03517500,-0.02716807,-0.05593388,-0.04804553,-0.01693600
75241,20010327,PXD,0.00906400,0.02600000,-0.01693600,-0.06309859,-0.04919054,-0.06137691,-0.01192800
75241,20010328,PXD,-0.03592800,-0.02400000,-0.01192800,-0.05981255,-0.07068592,-0.05589414,-0.03226700
75241,20010329,PXD,-0.03726700,-0.00500000,-0.03226700,-0.04168261,-0.09270233,-0.06652303,0.00190300
75241,20010330,PXD,0.01290300,0.01100000,0.00190300,-0.06219680,-0.08889642,-0.10762436,-0.03258600
75241,20010402,PXD,-0.04458600,-0.01200000,-0.03258600,-0.04232642,-0.08075290,-0.13146108,-0.01266700
75241,20010403,PXD,-0.04666700,-0.03400000,-0.01266700,0.01023827,-0.01931405,-0.06599987,0.05894400
75241,20010404,PXD,0.05594400,-0.00300000,0.05894400,0.07985466,0.04598182,-0.02699778,0.03414600
75241,20010405,PXD,0.07814600,0.04400000,0.03414600,0.06386509,0.01371600,-0.07755284,-0.02791200
75241,20010406,PXD,-0.04791200,-0.02000000,-0.02791200,0.05743628,0.10274720,0.00482786,0.05264500
75241,20010409,PXD,0.06064500,0.00800000,0.05264500,0.01988578,0.12164918,0.01889377,-0.00266900
75241,20010410,PXD,0.02433100,0.02700000,-0.00266900,0.03459619,0.03899414,0.01615655,-0.01522100
75241,20010411,PXD,-0.01722100,-0.00200000,-0.01522100,-0.00929847,0.01348401,0.06141668,0.00916900
75241,20010412,PXD,0.02416900,0.01500000,0.00916900,0.01560307,0.06869635,0.08216122,0.02187900
75241,20010416,PXD,0.01887900,-0.00300000,0.02187900,0.04136915,0.02298800,0.13282983,0.00910800
75241,20010417,PXD,0.01910800,0.01000000,0.00910800,-0.04683205,-0.05387389,0.06548214,-0.07650000
75241,20010418,PXD,-0.03750000,0.03900000,-0.07650000,-0.09893250,-0.06969852,-0.03444382,-0.03011900
75241,20010419,PXD,-0.01711900,0.01300000,-0.03011900,-0.04871609,-0.01785604,-0.00442857,0.06005100
75241,20010420,PXD,0.05105100,-0.00900000,0.06005100,0.06017238,-0.00871048,0.06157849,0.03042900
75241,20010423,PXD,0.01542900,-0.01500000,0.03042900,0.13287602,0.02300822,0.04796587,0.04013700
75241,20010424,PXD,0.02813700,-0.01200000,0.04013700,0.13124935,0.16443509,0.11193676,0.05679700
75241,20010425,PXD,0.07279700,0.01600000,0.05679700,0.11722747,0.21705022,0.14972595,0.01591800
75241,20010426,PXD,0.02091800,0.00500000,0.01591800,0.03585257,0.11082780,0.09641438,-0.03599000
75241,20010427,PXD,-0.02099000,0.01500000,-0.03599000,-0.04201526,0.05451964,0.04720570,-0.02150200
75241,20010430,PXD,-0.02450200,-0.00300000,-0.02150200,-0.08909079,-0.02148061,0.00180859,-0.03283800
75241,20010501,PXD,-0.01883800,0.01400000,-0.03283800,-0.09313233,-0.11391718,0.03793871,-0.04100000
75241,20010502,PXD,-0.04000000,0.00100000,-0.04100000,-0.03694211,-0.09220118,0.10879115,0.03722200
75241,20010503,PXD,0.02222200,-0.01500000,0.03722200,0.03167762,-0.02350574,0.08570562,0.03708700
75241,20010504,PXD,0.05108700,0.01400000,0.03708700,0.04765222,-0.02797977,0.02507107,-0.02592100
75241,20010507,PXD,-0.02792100,-0.00200000,-0.02592100,0.00526967,0.00047310,-0.02090473,-0.00438300
75241,20010508,PXD,-0.00638300,-0.00200000,-0.00438300,-0.01632187,0.05751359,-0.06005280,0.01417100
75241,20010509,PXD,0.01017100,-0.00400000,0.01417100,0.00758720,0.01746113,-0.07668973,-0.00212000
75241,20010510,PXD,-0.00212000,-0.00000000,-0.00212000,0.02535116,-0.00528323,-0.02834743,0.01331100
75241,20010511,PXD,0.00531100,-0.00800000,0.01331100,0.04529932,0.05513428,0.02656754,0.03397800
75241,20010514,PXD,0.03697800,0.00300000,0.03397800,0.18505593,0.19851088,0.19823866,0.13194101
75241,20010515,PXD,0.13194101,0.00000000,0.13194101,0.13584601,0.14780522,0.21377608,-0.03385100
75241,20010516,PXD,-0.00585100,0.02800000,-0.03385100,0.11002553,0.16368620,0.18542491,0.01103300
75241,20010517,PXD,0.01403300,0.00300000,0.01103300,-0.01617680,0.15764697,0.14882476,0.00682100
75241,20010518,PXD,0.00982100,0.00300000,0.00682100,0.01908863,0.12095002,0.18422069,0.00079900
75241,20010521,PXD,0.01679900,0.01600000,0.00079900,-0.01822385,-0.04172314,0.15832447,-0.02526100
75241,20010522,PXD,-0.02826100,-0.00300000,-0.02526100,-0.04625861,-0.02944418,0.11374081,-0.02203100
75241,20010523,PXD,-0.03803100,-0.01600000,-0.02203100,-0.04833906,-0.04202072,0.11414633,-0.00207000
75241,20010524,PXD,0.00093000,0.00300000,-0.00207000,-0.01224500,-0.03636811,0.11225670,0.01200000
75241,20010525,PXD,0.00000000,-0.01200000,0.01200000,0.00347528,-0.04223174,0.06716306,-0.00640500
75241,20010529,PXD,-0.01440500,-0.00800000,-0.00640500,-0.00669998,-0.02968241,-0.06956939,-0.01228800
75241,20010530,PXD,-0.02828800,-0.01600000,-0.01228800,-0.00150071,0.00828432,-0.02058943,0.01777500
75241,20010531,PXD,0.02377500,0.00600000,0.01777500,0.01603819,0.02127245,-0.02049489,0.01116600
75241,20010601,PXD,0.01516600,0.00400000,0.01116600,0.05236862,0.03146308,-0.00610203,0.02207700
75241,20010604,PXD,0.02707700,0.00500000,0.02207700,0.02288635,0.02778674,-0.01710662,-0.01072700
75241,20010605,PXD,0.00227300,0.01300000,-0.01072700,-0.03581118,-0.00773998,-0.03732321,-0.04568900
75241,20010606,PXD,-0.05668900,-0.01100000,-0.04568900,-0.06641080,-0.03537881,-0.02630419,-0.01028800
75241,20010607,PXD,-0.00528800,0.00500000,-0.01028800,-0.03942073,-0.02940389,-0.00793541,0.01673300
75241,20010608,PXD,0.00773300,-0.00900000,0.01673300,0.01153183,-0.04482159,-0.01467850,0.00512200
75241,20010611,PXD,-0.00287800,-0.00800000,0.00512200,0.01932762,-0.03659984,-0.01087124,-0.00244300
75241,20010612,PXD,-0.00144300,0.00100000,-0.00244300,0.00114403,0.00748024,-0.00002124,-0.00152400
75241,20010613,PXD,-0.01252400,-0.01100000,-0.00152400,-0.00054811,0.02060437,-0.01360796,0.00336600
75241,20010614,PXD,-0.01463400,-0.01800000,0.00336600,0.01005481,0.01261191,-0.01593878,0.00846500
75241,20010615,PXD,0.00346500,-0.00500000,0.00846500,0.02047852,0.01636429,-0.02767525,0.00894700
75241,20010618,PXD,0.00394700,-0.00500000,0.00894700,-0.00784658,-0.00582048,-0.04077666,-0.02511300
75241,20010619,PXD,-0.02211300,0.00300000,-0.02511300,-0.05630025,-0.04389680,-0.03590388,-0.04065800
75241,20010620,PXD,-0.03165800,0.00900000,-0.04065800,-0.11308569,-0.09612170,-0.07297396,-0.04992100
75241,20010621,PXD,-0.03892100,0.01100000,-0.04992100,-0.07373262,-0.08880236,-0.07360812,0.01601900
75241,20010622,PXD,0.00701900,-0.00900000,0.01601900,-0.06854216,-0.12973491,-0.11049619,-0.03582300
75241,20010625,PXD,-0.04182300,-0.00600000,-0.03582300,-0.00360282,-0.09128572,-0.09334118,0.01710900
75241,20010626,PXD,0.01510900,-0.00200000,0.01710900,-0.04817827,-0.08026308,-0.11885812,-0.02973000
75241,20010627,PXD,-0.03473000,-0.00500000,-0.02973000,-0.05361115,-0.07198035,-0.16114536,-0.04112600
75241,20010628,PXD,-0.02912600,0.01200000,-0.04112600,-0.06602132,-0.08368878,-0.16561594,0.00394100
75241,20010629,PXD,0.00294100,-0.00100000,0.00394100,-0.06164626,-0.07383774,-0.19638537,-0.02466300
75241,20010702,PXD,-0.01466300,0.01000000,-0.02466300,-0.02756111,-0.09610001,-0.18016076,-0.00692900
75241,20010703,PXD,-0.00892900,-0.00200000,-0.00692900,-0.01289325,-0.04965981,-0.12593518,0.01860700
75241,20010705,PXD,0.00660700,-0.01200000,0.01860700,0.04974961,0.02916997,-0.04318945,0.03851300
75241,20010706,PXD,0.01551300,-0.02300000,0.03851300,0.00334322,-0.02729698,-0.10695255,-0.05282800
75241,20010709,PXD,-0.04582800,0.00700000,-0.05282800,-0.00347776,0.00777847,-0.06331364,0.01153700
75241,20010710,PXD,-0.00246300,-0.01400000,0.01153700,-0.08591548,-0.03133896,-0.12077729,-0.04714800
75241,20010711,PXD,-0.04814800,-0.00100000,-0.04714800,-0.05422074,-0.06753207,-0.11391956,-0.01881200
75241,20010712,PXD,0.00518800,0.02400000,-0.01881200,-0.05997830,-0.09936473,-0.06967542,0.00690300
75241,20010713,PXD,0.01290300,0.00600000,0.00690300,-0.03307990,-0.06758397,-0.09176698,-0.02084700
75241,20010716,PXD,-0.03184700,-0.01100000,-0.02084700,-0.01133505,-0.07735432,-0.06659564,0.00315800
75241,20010717,PXD,0.01315800,0.01000000,0.00315800,-0.00881979,-0.02088099,-0.05139277,0.00924700
75241,20010718,PXD,0.00324700,-0.00600000,0.00924700,-0.01588390,-0.03000785,-0.09561132,-0.02800600
75241,20010719,PXD,-0.02200600,0.00600000,-0.02800600,0.04199727,0.02325133,-0.07750505,0.06190100
75241,20010720,PXD,0.05890100,-0.00300000,0.06190100,0.09203017,0.10588814,0.03214339,0.05787500
75241,20010723,PXD,0.04187500,-0.01600000,0.05787500,0.09024101,0.07039847,-0.00774940,-0.02719100
75241,20010724,PXD,-0.04319100,-0.01600000,-0.02719100,0.06375249,0.09810871,0.07769671,0.03478400
75241,20010725,PXD,0.05078400,0.01600000,0.03478400,0.02565212,0.15168529,0.11814287,0.01983300
75241,20010726,PXD,0.02983300,0.01000000,0.01983300,0.06708595,0.09630306,0.12129169,0.01016700
75241,20010727,PXD,0.01216700,0.00200000,0.01016700,0.00331229,0.00904794,0.11694933,-0.02590300
75241,20010730,PXD,-0.02690300,-0.00100000,-0.02590300,-0.02264648,0.03185751,0.10574137,-0.00658800
75241,20010731,PXD,-0.00058800,0.00600000,-0.00658800,0.00472447,0.03554108,0.13873757,0.03837800
75241,20010801,PXD,0.04237800,0.00400000,0.03837800,0.04299513,0.02606028,0.18374051,0.01068100
75241,20010802,PXD,0.01468100,0.00400000,0.01068100,0.01232713,-0.02057739,0.07460406,-0.03506700
75241,20010803,PXD,-0.04006700,-0.00500000,-0.03506700,-0.02525831,0.00504665,0.01417545,-0.00059400
75241,20010806,PXD,-0.01159400,-0.01100000,-0.00059400,-0.02429140,0.02332734,0.05654403,0.01166300
75241,20010807,PXD,0.01466300,0.00300000,0.01166300,-0.00292943,-0.02718628,0.00589359,-0.01363600
75241,20010808,PXD,-0.03063600,-0.01700000,-0.01363600,-0.00647670,-0.04090130,-0.01729941,-0.00417400
75241,20010809,PXD,-0.00417400,-0.00000000,-0.00417400,0.01457015,0.02542296,0.00491734,0.03352100
75241,20010810,PXD,0.03952100,0.00600000,0.03352100,0.04785370,0.04467998,0.04982200,0.01800900
75241,20010813,PXD,0.01900900,0.00100000,0.01800900,0.08684230,0.06609566,0.09030072,0.03283000
75241,20010814,PXD,0.02883000,-0.00400000,0.03283000,0.11654918,0.14954028,0.11452670,0.06249400
75241,20010815,PXD,0.05549400,-0.00700000,0.06249400,0.09675555,0.15434801,0.10258159,-0.00039700
75241,20010816,PXD,0.00260300,0.00300000,-0.00039700,0.06820533,0.12181984,0.14741223,0.00661600
75241,20010817,PXD,-0.01038400,-0.01700000,0.00661600,-0.02559015,0.06850977,0.11499878,-0.03213400
75241,20010820,PXD,-0.02413400,0.00800000,-0.03213400,-0.03349050,0.02551228,0.09128522,-0.00896800
75241,20010821,PXD,-0.02096800,-0.01200000,-0.00896800,-0.04799578,-0.04136008,0.10048515,-0.00754900
75241,20010822,PXD,-0.00054900,0.00700000,-0.00754900,0.00269177,-0.02232908,0.12595189,0.01948300
75241,20010823,PXD,0.01648300,-0.00300000,0.01948300,-0.03064857,-0.07075609,0.04655470,-0.04216200
75241,20010824,PXD,-0.02216200,0.02000000,-0.04216200,-0.03548170,-0.05133480,0.01499397,-0.01268900
75241,20010827,PXD,-0.01768900,-0.00500000,-0.01268900,-0.05913586,-0.04813552,-0.02255647,-0.00582200
75241,20010828,PXD,-0.02082200,-0.01500000,-0.00582200,0.02351955,0.00109881,-0.03972817,0.04318400
75241,20010829,PXD,0.03218400,-0.01100000,0.04318400,0.03282933,-0.02052046,-0.04141174,-0.00304400
75241,20010830,PXD,-0.02004400,-0.01700000,-0.00304400,0.02967187,0.01075828,-0.05747645,-0.00968200
75241,20010831,PXD,-0.00568200,0.00400000,-0.00968200,0.03354336,0.06991547,0.01748987,0.04728600
75241,20010904,PXD,0.04628600,-0.00100000,0.04728600,0.04914369,0.08909481,0.03824175,0.01137700
75241,20010905,PXD,0.01037700,-0.00100000,0.01137700,0.07081237,0.05675515,0.05706519,0.01227000
75241,20010906,PXD,-0.00973000,-0.02200000,0.01227000,0.06994071,0.10855586,0.08354790,0.04683800
75241,20010907,PXD,0.02783800,-0.01900000,0.04683800,0.03104072,0.08989715,0.09732808,-0.02724300
75241,20010910,PXD,-0.02124300,0.00600000,-0.02724300,0.07675448,0.09887444,0.16598900,0.05822400
75241,20010917,PXD,0.00922400,-0.04900000,0.05822400,-0.02956377,0.02546351,0.10836106,-0.06120400
75241,20010918,PXD,-0.06720400,-0.00600000,-0.06120400,-0.06527487,-0.04788415,0.00325560,-0.06526799
75241,20010919,PXD,-0.08126800,-0.01600000,-0.06526799,-0.09347389,-0.06287611,0.03116190,0.02786300
75241,20010920,PXD,-0.00313700,-0.03100000,0.02786300,-0.01607145,-0.01877187,0.05971839,0.02277600
75241,20010921,PXD,0.00377600,-0.01900000,0.02277600,-0.05918007,-0.17032901,-0.07751110,-0.11110000
75241,20010924,PXD,-0.07210000,0.03900000,-0.11110000,-0.11653780,-0.14544757,-0.11143647,-0.02994600
75241,20010925,PXD,-0.02094600,0.00900000,-0.02994600,-0.24310929,-0.19106651,-0.21372488,-0.11439300
75241,20010926,PXD,-0.11939300,-0.00500000,-0.11439300,-0.08121524,-0.16481719,-0.20413187,0.07207200
75241,20010927,PXD,0.08307200,0.01100000,0.07207200,-0.04601980,-0.18562155,-0.18087576,0.00766700
75241,20010928,PXD,0.02966700,0.02200000,0.00766700,0.03857332,-0.11295719,-0.26621371,-0.03875900
75241,20011001,PXD,-0.04075900,-0.00200000,-0.03875900,-0.02713096,-0.07974084,-0.21761909,0.00558200
75241,20011002,PXD,0.01758200,0.01200000,0.00558200,-0.04633946,0.03275677,-0.17715328,-0.01208100
75241,20011003,PXD,0.00791900,0.02000000,-0.01208100,0.04821231,0.01438868,-0.16066471,0.05342900
75241,20011004,PXD,0.05142900,-0.00200000,0.05342900,0.06495716,0.02885814,-0.16547585,0.02177700
75241,20011005,PXD,0.02377700,0.00200000,0.02177700,0.08443285,0.08005073,-0.04183516,0.00800000
75241,20011008,PXD,0.00000000,-0.00800000,0.00800000,0.06940959,0.11489326,0.02985443,0.03884200
75241,20011009,PXD,0.03384200,-0.00500000,0.03884200,0.07851320,0.16169135,0.21047984,0.02963200
75241,20011010,PXD,0.05263200,0.02300000,0.02963200,0.02855932,0.06001916,0.07870403,-0.03939000
75241,20011011,PXD,-0.02439000,0.01500000,-0.03939000,-0.01389715,0.03398616,0.06542083,-0.00250000
75241,20011012,PXD,-0.00750000,-0.00500000,-0.00250000,-0.06034434,0.00525636,0.08792974,-0.01941100
75241,20011015,PXD,-0.02141100,-0.00200000,-0.01941100,0.01378849,0.00277396,0.12240567,0.03675800
75241,20011016,PXD,0.04375800,0.00700000,0.03675800,0.00781104,-0.03348129,0.12177127,-0.00812700
75241,20011017,PXD,-0.02712700,-0.01900000,-0.00812700,0.01810572,-0.00373928,0.05434106,-0.00911000
75241,20011018,PXD,-0.01711000,-0.00800000,-0.00911000,0.00841943,0.02466279,0.05939320,0.02659300
75241,20011019,PXD,0.03159300,0.00500000,0.02659300,0.00139433,0.02932143,0.03549035,-0.01562500
75241,20011022,PXD,-0.00062500,0.01500000,-0.01562500,0.00952603,-0.00806926,-0.00566083,-0.00125400
75241,20011023,PXD,-0.00625400,-0.00500000,-0.00125400,0.04007513,0.05778487,0.02188951,0.05726900
75241,20011024,PXD,0.05726900,0.00000000,0.05726900,0.07674822,0.09009376,0.08348622,0.01933300
75241,20011025,PXD,0.03333300,0.01400000,0.01933300,0.11410213,0.09621421,0.12229859,0.03229000
75241,20011026,PXD,0.03629000,0.00400000,0.03229000,0.05042418,0.10828036,0.14040473,-0.00101400
75241,20011029,PXD,-0.02501400,-0.02400000,-0.00101400,0.01947301,0.09689966,0.08704677,-0.01036600
75241,20011030,PXD,-0.02736600,-0.01700000,-0.01036600,-0.01388290,0.03576806,0.09452038,-0.00293100
75241,20011031,PXD,-0.00293100,-0.00000000,-0.00293100,-0.03696622,-0.00671427,0.08126327,-0.02417600
75241,20011101,PXD,-0.00117600,0.02300000,-0.02417600,-0.05068806,-0.05946060,0.02785910,-0.02360000
75241,20011102,PXD,-0.02060000,0.00300000,-0.02360000,-0.07864681,-0.09002152,0.01199563,-0.03082700
75241,20011105,PXD,-0.01682700,0.01400000,-0.03082700,-0.03347461,-0.06131618,0.03649904,0.02228600
75241,20011106,PXD,0.03728600,0.01500000,0.02228600,0.01654633,-0.03288360,0.00436460,0.02539300
75241,20011107,PXD,0.02239300,-0.00300000,0.02539300,0.05998250,0.00287931,-0.00410622,0.01068000
75241,20011108,PXD,0.01268000,0.00200000,0.01068000,0.06382926,0.05570740,-0.00973114,0.02645800
75241,20011109,PXD,0.02845800,0.00200000,0.02645800,0.02451683,0.07465638,-0.02164567,-0.01238900
75241,20011112,PXD,-0.01438900,-0.00200000,-0.01238900,-0.00590510,0.03093990,-0.03164141,-0.01956100
75241,20011113,PXD,-0.00056100,0.01900000,-0.01956100,-0.07876394,-0.04382535,-0.07834378,-0.04750600
75241,20011114,PXD,-0.04550600,0.00200000,-0.04750600,-0.16299086,-0.15125229,-0.15347300,-0.10047000
75241,20011115,PXD,-0.09947000,0.00100000,-0.10047000,-0.13257762,-0.16250042,-0.11981352,0.01215000
75241,20011116,PXD,0.00915000,-0.00300000,0.01215000,-0.08019310,-0.14418243,-0.08005035,0.01102100
75241,20011119,PXD,0.02202100,0.01100000,0.01102100,0.07098394,-0.08256800,-0.05554540,0.04629000
75241,20011120,PXD,0.03929000,-0.00700000,0.04629000,0.06327282,-0.03162890,-0.07466222,0.00500000
75241,20011121,PXD,0.00000000,-0.00500000,0.00500000,0.07615418,0.10194635,-0.06366560,0.02336600
75241,20011123,PXD,0.03536600,0.01200000,0.02336600,-0.00200572,0.05687900,-0.11665519,-0.02955700
75241,20011126,PXD,-0.02355700,0.00600000,-0.02955700,0.00124974,0.05311482,-0.09695578,0.00820600
75241,20011127,PXD,0.00120600,-0.00700000,0.00820600,-0.02396830,0.00306937,-0.07873145,-0.00308400
75241,20011128,PXD,-0.02108400,-0.01800000,-0.00308400,0.01753518,0.01073888,-0.02134757,0.01276900
75241,20011129,PXD,0.02276900,0.01000000,0.01276900,0.01820819,-0.00334099,0.09719822,0.00882200
75241,20011130,PXD,0.00782200,-0.00100000,0.00882200,0.05446680,0.05835792,0.11818187,0.03188100
75241,20011203,PXD,0.02388100,-0.00800000,0.03188100,0.04604954,0.05552646,0.11129718,0.00449300
75241,20011204,PXD,0.01749300,0.01300000,0.00449300,0.04762435,0.07145693,0.07398398,0.00951900
75241,20011205,PXD,0.03151900,0.02200000,0.00951900,-0.01235395,0.02944946,0.04082931,-0.02533300
75241,20011206,PXD,-0.02833300,-0.00300000,-0.02533300,0.00354510,0.04098681,0.03703808,0.02000700
75241,20011207,PXD,0.01200700,-0.00800000,0.02000700,0.00124485,0.01520137,0.07452192,0.00696000
75241,20011210,PXD,-0.00904000,-0.01600000,0.00696000,0.01593672,-0.00022167,0.05482846,-0.01068300
75241,20011211,PXD,-0.01368300,-0.00300000,-0.01068300,-0.00421226,-0.00972438,0.05856160,-0.00057800
75241,20011212,PXD,-0.00057800,0.00000000,-0.00057800,-0.01183502,0.01435500,0.04330810,-0.00077300
75241,20011213,PXD,-0.01677300,-0.01600000,-0.00077300,0.02403080,0.01988798,0.06070136,0.02582400
75241,20011214,PXD,0.02882400,0.00300000,0.02582400,0.01532455,0.00388881,0.01908485,-0.00942800
75241,20011217,PXD,0.00057200,0.01000000,-0.00942800,0.00827816,0.00676495,0.00648407,-0.00800000
75241,20011218,PXD,0.00000000,0.00800000,-0.00800000,0.01697762,0.04238489,0.03088340,0.03457100
75241,20011219,PXD,0.04057100,0.00600000,0.03457100,0.03463532,0.05213368,0.06530143,0.00800000
75241,20011220,PXD,0.00000000,-0.00800000,0.00800000,0.06948431,0.05198198,0.07165214,0.02565400
75241,20011221,PXD,0.02965400,0.00400000,0.02565400,0.05290663,0.08146907,0.08521086,0.01866700
75241,20011224,PXD,0.01866700,-0.00000000,0.01866700,0.04744879,0.09233441,0.10020711,0.00228300
75241,20011226,PXD,0.00628300,0.00400000,0.00228300,0.02150603,0.05620135,0.10187134,0.00028400
75241,20011227,PXD,0.00728400,0.00700000,0.00028400,0.00426416,0.04997817,0.10661364,0.00164900
75241,20011228,PXD,0.00464900,0.00300000,0.00164900,0.00317024,0.02429413,0.07817736,0.00123100
75241,20011231,PXD,-0.00976900,-0.01100000,0.00123100,-0.04440671,-0.04243166,0.03588497,-0.04753700
75241,20020102,PXD,-0.04153700,0.00600000,-0.04753700,-0.06764232,-0.06649826,0.02058822,-0.02254300
75241,20020103,PXD,-0.01354300,0.00900000,-0.02254300,-0.07462364,-0.07130998,-0.01888472,-0.00490200
75241,20020104,PXD,0.00109800,0.00600000,-0.00490200,-0.03063236,-0.07531831,-0.03027644,-0.00332500
75241,20020107,PXD,-0.00932500,-0.00600000,-0.00332500,-0.00475089,-0.07378255,-0.05122914,0.00344600
75241,20020108,PXD,-0.00055400,-0.00400000,0.00344600,-0.02621499,-0.05299151,-0.09364343,-0.02657900
75241,20020109,PXD,-0.03157900,-0.00500000,-0.02657900,-0.04295295,-0.05073491,-0.11403343,-0.02045100
75241,20020110,PXD,-0.01945100,0.00100000,-0.02045100,-0.05794558,-0.05727265,-0.12361274,-0.01258700
75241,20020111,PXD,-0.02158700,-0.00900000,-0.01258700,-0.06441469,-0.08515853,-0.15267247,-0.03335600
75241,20020114,PXD,-0.03935600,-0.00600000,-0.03335600,-0.02228819,-0.06720172,-0.13587520,0.02465700
75241,20020115,PXD,0.03165700,0.00700000,0.02465700,0.01684558,-0.01595684,-0.06688530,0.02683000
75241,20020116,PXD,0.01083000,-0.01600000,0.02683000,0.05382739,0.00540930,-0.04492500,0.00131000
75241,20020117,PXD,0.01131000,0.01000000,0.00131000,0.01970869,0.00978893,-0.04739969,-0.00824600
75241,20020118,PXD,-0.01824600,-0.01000000,-0.00824600,-0.01968572,0.03104427,-0.05609121,-0.01278400
75241,20020122,PXD,-0.01978400,-0.00700000,-0.01278400,0.02083716,0.04946588,-0.02063536,0.04337600
75241,20020123,PXD,0.05137600,0.00800000,0.04337600,0.04661137,0.03920124,0.02164203,0.01636100
75241,20020124,PXD,0.02036100,0.00400000,0.01636100,0.07258341,0.04883977,0.05379942,0.01097300
75241,20020125,PXD,0.01197300,0.00100000,0.01097300,0.01302990,0.04320818,0.05282348,-0.01408500
75241,20020128,PXD,-0.01408500,-0.00000000,-0.01408500,0.00351316,0.06281710,0.09429011,0.00671400
75241,20020129,PXD,-0.02228600,-0.02900000,0.00671400,-0.00969523,0.01708433,0.06652123,-0.00264900
75241,20020130,PXD,0.00935100,0.01200000,-0.00264900,-0.00196334,-0.00523097,0.03367671,-0.00631400
75241,20020131,PXD,0.00868600,0.01500000,-0.00631400,0.01975335,0.01184292,0.06074409,0.02824000
75241,20020201,PXD,0.02124000,-0.00700000,0.02824000,0.02888317,0.03263544,0.07596379,0.00701200
75241,20020204,PXD,-0.01798800,-0.02500000,0.00701200,0.04143781,0.03345030,0.09722626,0.00686200
75241,20020205,PXD,0.00286200,-0.00400000,0.00686200,0.01561467,0.03752884,0.05432472,0.00200500
75241,20020206,PXD,-0.00399500,-0.00600000,0.00200500,0.03069099,0.06502481,0.05958100,0.02191100
75241,20020207,PXD,0.01891100,-0.00300000,0.02191100,0.04948182,0.06253400,0.07424320,0.02493200
75241,20020208,PXD,0.03993200,0.01500000,0.02493200,0.03691417,0.04593416,0.07900927,-0.01075500
75241,20020211,PXD,0.00324500,0.01400000,-0.01075500,0.00190339,0.02635188,0.06096502,-0.01163300
75241,20020212,PXD,-0.01563300,-0.00400000,-0.01163300,-0.03897246,0.00730299,0.04611781,-0.01657200
75241,20020213,PXD,-0.00657200,0.01000000,-0.01657200,0.00413837,0.01846979,0.08603989,0.03287100
75241,20020214,PXD,0.03087100,-0.00200000,0.03287100,0.00529844,-0.01708067,0.04520682,-0.01039000
75241,20020215,PXD,-0.02139000,-0.01100000,-0.01039000,0.02566791,-0.00207119,0.04254245,0.00424600
75241,20020219,PXD,-0.01475400,-0.01900000,0.00424600,-0.00197317,0.01383420,0.04055017,0.00430300
75241,20020220,PXD,0.01830300,0.01400000,0.00430300,0.04304042,0.06475697,0.07437306,0.03451900
75241,20020221,PXD,0.01851900,-0.01600000,0.03451900,0.04748708,0.03971347,0.05979111,0.00750800
75241,20020222,PXD,0.01550800,0.00800000,0.00750800,0.05182204,0.06062000,0.04284114,0.00833000
75241,20020225,PXD,0.02633000,0.01800000,0.00833000,0.01021989,0.05101430,0.04746367,-0.00564400
75241,20020226,PXD,-0.00564400,-0.00000000,-0.00564400,0.00885649,0.05236661,0.06662216,0.00619200
75241,20020227,PXD,0.00619200,0.00000000,0.00619200,0.01993143,0.03682751,0.10421508,0.01941000
75241,20020228,PXD,0.01641000,-0.00300000,0.01941000,-0.00083959,0.00173110,0.04299203,-0.02653200
75241,20020301,PXD,-0.00353200,0.02300000,-0.02653200,-0.01366941,-0.01314326,0.04900501,-0.00634200
75241,20020304,PXD,0.01265800,0.01900000,-0.00634200,-0.02908593,-0.00313947,0.04927398,0.00400000
75241,20020305,PXD,-0.00300000,-0.00700000,0.00400000,0.00586594,-0.00136211,0.05340812,0.00806900
75241,20020306,PXD,0.02306900,0.01500000,0.00806900,0.05863674,0.02568462,0.06576162,0.04566700
75241,20020307,PXD,0.04166700,-0.00400000,0.04566700,0.02261290,0.02054521,0.02314887,-0.03047100
75241,20020308,PXD,-0.02447100,0.00600000,-0.03047100,0.03864539,0.05158344,0.03962017,0.02401400
75241,20020311,PXD,0.02701400,0.00300000,0.02401400,-0.01264724,0.04166243,0.03967023,-0.00551500
75241,20020312,PXD,-0.00751500,-0.00200000,-0.00551500,0.00708707,0.02127402,0.02090338,-0.01082300
75241,20020313,PXD,-0.02082300,-0.01000000,-0.01082300,-0.00206194,-0.00910937,0.01581356,0.01453300
75241,20020314,PXD,0.01353300,-0.00100000,0.01453300,0.02661407,0.04542753,0.06824498,0.02333500
75241,20020315,PXD,0.03433500,0.01100000,0.02333500,0.04660391,0.02894350,0.08223344,0.00791600
75241,20020318,PXD,0.00691600,-0.00100000,0.00791600,0.02364460,0.02693169,0.07032156,-0.00766300
75241,20020319,PXD,-0.00366300,0.00400000,-0.00766300,0.00982487,0.04814289,0.07003339,0.00956600
75241,20020320,PXD,-0.00643400,-0.01600000,0.00956600,0.02061899,0.05265615,0.04285479,0.01881400
75241,20020321,PXD,0.02081400,0.00200000,0.01881400,0.02257134,0.02287178,0.06867557,-0.00551500
75241,20020322,PXD,-0.00951500,-0.00400000,-0.00551500,-0.00013595,0.00182219,0.02997812,-0.01290500
75241,20020325,PXD,-0.02790500,-0.01500000,-0.01290500,-0.02546038,0.00208578,0.02835514,-0.00741200
75241,20020326,PXD,-0.00141200,0.00600000,-0.00741200,0.01557188,0.02879947,0.07794152,0.03694200
75241,20020327,PXD,0.04194200,0.00500000,0.03694200,0.03588925,0.01610360,0.06928143,0.00614100
75241,20020328,PXD,0.00814100,0.00200000,0.00614100,0.06091530,0.03882304,0.06192726,0.01670200
75241,20020401,PXD,0.01570200,-0.00100000,0.01670200,0.05504885,0.08648164,0.08597287,0.03152700
75241,20020402,PXD,0.02252700,-0.00900000,0.03152700,0.03963077,0.08418010,0.08414965,-0.00814300
75241,20020403,PXD,-0.01814300,-0.01000000,-0.00814300,-0.01696478,0.00518958,0.03361856,-0.03971500
75241,20020404,PXD,-0.03871500,0.00100000,-0.03971500,-0.05626803,-0.01044736,0.00520017,-0.00981500
75241,20020405,PXD,-0.01281500,-0.00300000,-0.00981500,-0.01407123,0.00875794,0.04715907,0.03694300
75241,20020408,PXD,0.03894300,0.00200000,0.03694300,-0.00390075,-0.05045024,0.03005580,-0.02959100
75241,20020409,PXD,-0.03659100,-0.00700000,-0.02959100,0.04321089,-0.00831601,0.07560197,0.03717000
75241,20020410,PXD,0.04817000,0.01100000,0.03717000,0.03578897,0.06280399,0.06714526,0.02974500
75241,20020411,PXD,0.00574500,-0.02400000,0.02974500,0.00543016,0.01133858,0.00064343,-0.05928500
75241,20020412,PXD,-0.05228500,0.00700000,-0.05928500,-0.00634363,-0.00066004,0.00791889,0.02422600
75241,20020415,PXD,0.01622600,-0.00800000,0.02422600,-0.05135818,0.01479295,-0.03707616,-0.01524500
75241,20020416,PXD,0.00775500,0.02300000,-0.01524500,0.06834384,0.03509086,0.02665871,0.05768100
75241,20020417,PXD,0.05568100,-0.00200000,0.05768100,0.03435461,-0.00347925,0.06036408,-0.00800500
75241,20020418,PXD,-0.00900500,-0.00100000,-0.00800500,0.05949301,0.07019955,0.08168307,0.00981800
75241,20020419,PXD,0.01081800,0.00100000,0.00981800,0.01242816,0.05549199,0.05361484,0.01071900
75241,20020422,PXD,-0.00428100,-0.01500000,0.01071900,0.02555598,0.07492850,0.09111834,0.00514000
75241,20020423,PXD,-0.00086000,-0.00600000,0.00514000,0.00593158,0.00761062,0.04195925,-0.00978100
75241,20020424,PXD,-0.01678100,-0.00700000,-0.00978100,0.03470846,0.05513320,0.05260170,0.04007400
75241,20020425,PXD,0.03807400,-0.00200000,0.04007400,0.04781736,0.06298383,0.13537100,0.01821600
75241,20020426,PXD,0.00421600,-0.01400000,0.01821600,0.07614057,0.07025047,0.12790405,0.01755700
75241,20020429,PXD,0.00755700,-0.01000000,0.01755700,0.02450535,0.05426266,0.13036834,-0.01141700
75241,20020430,PXD,-0.00041700,0.01100000,-0.01141700,0.01193196,0.07143921,0.07756262,0.00558900
75241,20020501,PXD,0.01458900,0.00900000,0.00558900,0.00194051,0.03827233,0.09407214,0.00775200
75241,20020502,PXD,0.00575200,-0.00200000,0.00775200,0.03935269,0.04586109,0.10960941,0.02552300
75241,20020503,PXD,0.01552300,-0.01000000,0.02552300,0.02705531,0.02168792,0.09183657,-0.00553700
75241,20020506,PXD,-0.02453700,-0.01900000,-0.00553700,0.01007384,0.02329600,0.07695591,-0.00937100
75241,20020507,PXD,-0.01237100,-0.00300000,-0.00937100,-0.01200465,0.02159066,0.09465640,0.00333600
75241,20020508,PXD,0.04133600,0.03800000,0.00333600,-0.03008384,-0.01001025,0.02755843,-0.02309100
75241,20020509,PXD,-0.03809100,-0.01500000,-0.02309100,0.00079685,-0.01396781,0.03050357,0.02116800
75241,20020510,PXD,0.00416800,-0.01700000,0.02116800,-0.00028420,-0.00663870,0.01543708,0.00217100
75241,20020513,PXD,0.02117100,0.01900000,0.00217100,0.00896806,-0.01224793,0.01213199,-0.01490200
75241,20020514,PXD,0.00609800,0.02100000,-0.01490200,-0.02336339,-0.02498367,-0.00398023,-0.01016200
75241,20020515,PXD,-0.01616200,-0.00600000,-0.01016200,-0.02279061,0.00090209,-0.00936337,0.00244600
75241,20020516,PXD,0.00944600,0.00700000,0.00244600,-0.02270277,-0.03644232,-0.04997598,-0.01491600
75241,20020517,PXD,-0.00691600,0.00800000,-0.01491600,0.00388948,-0.02123316,-0.02828961,0.01627700
75241,20020520,PXD,0.00327700,-0.01300000,0.01627700,0.00791059,0.00015525,-0.01190250,0.00650800
75241,20020521,PXD,-0.00449200,-0.01100000,0.00650800,0.00366046,-0.00869515,-0.03339280,-0.01912600
75241,20020522,PXD,-0.01312600,0.00600000,-0.01912600,0.00777352,0.00919439,0.01032239,0.02075600
75241,20020523,PXD,0.03075600,0.01000000,0.02075600,0.00515611,0.02786450,-0.00747582,0.00393600
75241,20020524,PXD,-0.00806400,-0.01200000,0.00393600,0.01525755,0.00263522,-0.01826764,-0.00888600
75241,20020528,PXD,-0.01788600,-0.00900000,-0.00888600,-0.00145800,-0.00034809,-0.00018937,0.00351700
75241,20020529,PXD,-0.00248300,-0.00600000,0.00351700,-0.02274875,0.00086500,-0.00766670,-0.01774700
75241,20020530,PXD,-0.02074700,-0.00300000,-0.01774700,0.00575891,0.00073099,0.00967682,0.02045800
75241,20020531,PXD,0.02245800,0.00200000,0.02045800,0.00191441,-0.00336335,0.02334539,-0.00028000
75241,20020603,PXD,-0.02528000,-0.02500000,-0.00028000,0.00610134,-0.00790935,-0.00525141,-0.01360500
75241,20020604,PXD,-0.01360500,0.00000000,-0.01360500,-0.03972133,-0.03755624,-0.03746702,-0.02710300
75241,20020605,PXD,-0.01810300,0.00900000,-0.02710300,-0.01432908,0.00515991,0.00589688,0.02614600
75241,20020606,PXD,0.00614600,-0.02000000,0.02614600,0.00884760,-0.00485631,-0.00402178,0.00985300
75241,20020607,PXD,0.00785300,-0.00200000,0.00985300,0.01551384,-0.02466609,-0.02691226,-0.02031600
75241,20020610,PXD,-0.01731600,0.00300000,-0.02031600,-0.00273826,-0.00357926,-0.01113264,0.00774900
75241,20020611,PXD,-0.00925100,-0.01700000,0.00774900,-0.00150884,0.03421974,-0.00412341,0.01123000
75241,20020612,PXD,0.01823000,0.00700000,0.01123000,0.03587670,0.02515139,0.02948836,0.01698700
75241,20020613,PXD,0.00698700,-0.01000000,0.01698700,0.04285784,0.02943287,0.02341270,0.01414200
75241,20020614,PXD,0.01214200,-0.00200000,0.01414200,0.04664550,0.06630143,0.03916637,0.01427300
75241,20020617,PXD,0.04327300,0.02900000,0.01427300,0.02103269,0.05077481,0.04555287,-0.00757100
75241,20020618,PXD,-0.00657100,0.00100000,-0.00757100,0.04146536,0.07384628,0.10846830,0.03394900
75241,20020619,PXD,0.01694900,-0.01700000,0.03394900,0.03948661,0.06985837,0.09536996,0.01340700
75241,20020620,PXD,0.00040700,-0.01300000,0.01340700,0.07355710,0.08232880,0.11209800,0.02675200
75241,20020621,PXD,0.00975200,-0.01700000,0.02675200,0.03606118,0.06203437,0.13009333,-0.00400000
75241,20020624,PXD,0.00000000,0.00400000,-0.00400000,0.05463217,0.10131571,0.15676645,0.03188900
75241,20020625,PXD,0.01488900,-0.01700000,0.03188900,0.03091789,0.07053390,0.14626876,0.00300000
75241,20020626,PXD,0.00000000,-0.00300000,0.00300000,0.00834422,0.03119303,0.10207600,-0.02672300
75241,20020627,PXD,-0.00872300,0.01800000,-0.02672300,0.01897962,0.04760875,0.13307368,0.04300000
75241,20020628,PXD,0.04200000,-0.00100000,0.04300000,0.00754676,0.04234476,0.10374515,-0.00779100
75241,20020701,PXD,-0.02879100,-0.02100000,-0.00779100,0.01411727,-0.00866853,0.08942027,-0.01892100
75241,20020702,PXD,-0.03992100,-0.02100000,-0.01892100,-0.04787705,-0.03409444,0.03420937,-0.02329100
75241,20020703,PXD,-0.01729100,0.00600000,-0.02329100,-0.04502935,-0.01086662,0.02011885,-0.00222800
75241,20020705,PXD,0.03477200,0.03700000,-0.00222800,-0.05293472,-0.07616029,-0.03280687,-0.02646200
75241,20020708,PXD,-0.03846200,-0.01200000,-0.02646200,-0.01988892,-0.06011671,-0.01954519,0.00900000
75241,20020709,PXD,-0.01600000,-0.02500000,0.00900000,0.00710348,-0.01728929,-0.02506687,0.02501400
75241,20020710,PXD,-0.00898600,-0.03400000,0.02501400,0.01029413,-0.01781566,-0.04999269,-0.02383900
75241,20020711,PXD,-0.01683900,0.00700000,-0.02383900,-0.02169644,-0.03710761,-0.04678393,-0.02386400
75241,20020712,PXD,-0.02986400,-0.00600000,-0.02386400,-0.07856031,-0.04340239,-0.11108338,-0.03312100
75241,20020715,PXD,-0.03712100,-0.00400000,-0.03312100,-0.02446604,-0.02231708,-0.07746837,0.03257400
75241,20020716,PXD,0.01457400,-0.01800000,0.03257400,0.00972172,-0.03712824,-0.05242891,0.01114600
75241,20020717,PXD,0.01714600,0.00600000,0.01114600,0.08109442,0.02201965,0.00405101,0.03702300
75241,20020718,PXD,0.01002300,-0.02700000,0.03702300,0.06670003,0.06406782,0.02312200,0.01950700
75241,20020719,PXD,-0.01849300,-0.03800000,0.01950700,0.04474947,0.08607665,0.03827898,-0.00882000
75241,20020722,PXD,-0.04182000,-0.03300000,-0.00882000,0.02179097,0.06628846,0.04143858,0.01261100
75241,20020723,PXD,-0.01438900,-0.02700000,0.01261100,-0.00876847,0.04632302,0.00934025,-0.01320400
75241,20020724,PXD,0.04379600,0.05700000,-0.01320400,-0.01077946,0.00029622,0.02122888,-0.01078300
75241,20020725,PXD,-0.01678300,-0.00600000,-0.01078300,-0.00331150,0.00061437,0.06501642,0.02093300
75241,20020726,PXD,0.03793300,0.01700000,0.02093300,0.01376868,0.01450134,0.10853877,0.00356100
75241,20020729,PXD,0.05756100,0.05400000,0.00356100,0.02668811,0.00115137,0.07605037,0.00075200
75241,20020730,PXD,0.00475200,0.00400000,0.00075200,0.03718773,0.04822748,0.09717844,0.03084300
75241,20020731,PXD,0.04084300,0.01000000,0.03084300,0.01076673,0.03715594,0.03565824,-0.01915300
75241,20020801,PXD,-0.04915300,-0.03000000,-0.01915300,0.01402927,0.01909075,0.01982709,0.00432100
75241,20020802,PXD,-0.01867900,-0.02300000,0.00432100,-0.02038332,0.00774874,0.02206543,-0.00672600
75241,20020805,PXD,-0.04072600,-0.03400000,-0.00672600,-0.00771603,0.00206749,0.00343666,-0.00554200
75241,20020806,PXD,0.02445800,0.03000000,-0.00554200,-0.01930617,-0.03283551,0.00932420,-0.00693700
75241,20020807,PXD,0.01306300,0.02000000,-0.00693700,0.00379341,0.00093773,0.03908081,0.01635500
75241,20020808,PXD,0.04935500,0.03300000,0.01635500,0.05563903,0.04172583,0.06315446,0.04345800
75241,20020809,PXD,0.04745800,0.00400000,0.04345800,0.05920614,0.04827946,0.05359387,-0.00228100
75241,20020812,PXD,-0.00728100,-0.00500000,-0.00228100,0.04164254,0.05345513,0.05314748,0.00162500
75241,20020813,PXD,-0.02037500,-0.02200000,0.00162500,-0.01446147,0.04687445,0.00907970,-0.01421000
75241,20020814,PXD,0.02579000,0.04000000,-0.01421000,0.01590643,0.05858954,0.06102999,0.02814600
75241,20020815,PXD,0.04014600,0.01200000,0.02814600,0.02075644,0.01953671,0.06402806,0.00589900
75241,20020816,PXD,0.00389900,-0.00200000,0.00589900,0.01201392,-0.00057627,0.05013359,-0.02205800
75241,20020819,PXD,0.00194200,0.02400000,-0.02205800,-0.02869658,-0.01601624,0.03934683,-0.01274400
75241,20020820,PXD,-0.02674400,-0.01400000,-0.01274400,-0.03444009,-0.00095690,0.04737175,0.00054000
75241,20020821,PXD,0.01354000,0.01300000,0.00054000,-0.02636762,-0.04283146,0.01409019,-0.01400000
75241,20020822,PXD,0.00000000,0.01400000,-0.01400000,-0.00116782,-0.03577953,-0.01747469,0.01199800
75241,20020823,PXD,-0.01100200,-0.02300000,0.01199800,-0.00881924,-0.02106641,-0.02272284,-0.00720500
75241,20020826,PXD,0.00079500,0.00800000,-0.00720500,0.01600505,0.00297494,-0.01286761,0.01122100
75241,20020827,PXD,-0.00277900,-0.01400000,0.01122100,-0.00738472,-0.00894321,-0.01015494,-0.01145900
75241,20020828,PXD,-0.02945900,-0.01800000,-0.01145900,0.00872249,0.01344389,-0.02750287,0.00943400
75241,20020829,PXD,0.00943400,-0.00000000,0.00943400,0.01080704,0.01482898,-0.02035594,0.01337700
75241,20020830,PXD,0.01137700,-0.00200000,0.01337700,0.02340640,0.02226353,0.00223533,0.00142100
75241,20020903,PXD,-0.04057900,-0.04200000,0.00142100,0.01857841,0.01595979,0.01880952,0.00419400
75241,20020904,PXD,0.02219400,0.01800000,0.00419400,0.03794839,0.06073549,0.04961687,0.03320600
75241,20020905,PXD,0.01720600,-0.01600000,0.03320600,0.03444141,0.04793912,0.05945122,-0.00411200
75241,20020906,PXD,0.01288800,0.01700000,-0.00411200,0.02326792,0.02834829,0.04265005,-0.00642100
75241,20020909,PXD,0.00357900,0.01000000,-0.00642100,0.00672010,0.04636533,0.06702198,0.01716800
75241,20020910,PXD,0.02416800,0.00700000,0.01716800,0.01195589,0.04241107,0.05745632,0.00116000
75241,20020911,PXD,0.00116000,-0.00000000,0.00116000,0.00866588,-0.00165418,0.05956710,-0.00900300
75241,20020912,PXD,-0.03400300,-0.02500000,-0.00900300,0.00892176,0.01969605,0.06780933,0.01740000
75241,20020913,PXD,0.02040000,0.00300000,0.01740000,-0.03222565,-0.01507391,0.01265860,-0.04059200
75241,20020916,PXD,-0.03959200,0.00100000,-0.04059200,-0.05192310,-0.05797148,-0.01827449,-0.02898000
75241,20020917,PXD,-0.04898000,-0.02000000,-0.02898000,-0.05212390,-0.04378648,-0.00594080,0.01658800
75241,20020918,PXD,0.01158800,-0.00500000,0.01658800,0.01211140,-0.01083374,-0.01247878,0.02575700
75241,20020919,PXD,-0.00424300,-0.03000000,0.02575700,0.02433546,-0.04315987,-0.02509229,-0.01776500
75241,20020920,PXD,-0.01576500,0.00200000,-0.01776500,0.03784803,0.02389587,0.00910915,0.03045000
75241,20020923,PXD,0.01645000,-0.01400000,0.03045000,0.04416166,0.08541483,0.02265049,0.03190600
75241,20020924,PXD,0.01490600,-0.01700000,0.03190600,0.06150948,0.06834875,0.01996819,-0.00233900
75241,20020925,PXD,0.02266100,0.02500000,-0.00233900,0.03646903,0.04925848,0.03526522,0.00538900
75241,20020926,PXD,0.02338900,0.01800000,0.00538900,0.02477043,0.08854387,0.03792583,0.02077300
75241,20020927,PXD,-0.01122700,-0.03200000,0.02077300,0.02443289,0.05479846,0.07588704,-0.00162600
75241,20020930,PXD,-0.01662600,-0.01500000,-0.00162600,0.02883038,0.03327705,0.12241311,0.00948500
75241,20021001,PXD,0.04948500,0.04000000,0.00948500,0.06466293,0.09190284,0.16236211,0.05543400
75241,20021002,PXD,0.03143400,-0.02400000,0.05543400,0.08643497,0.10297032,0.15656856,0.01823800
75241,20021003,PXD,0.00723800,-0.01100000,0.01823800,0.07365291,0.08322131,0.17446886,0.00157600
75241,20021004,PXD,-0.02042400,-0.02200000,0.00157600,0.01532552,0.08057575,0.13599645,-0.00378000
75241,20021007,PXD,-0.02278000,-0.01900000,-0.00378000,-0.02867885,0.04205385,0.07625425,-0.02766800
75241,20021008,PXD,-0.01066800,0.01700000,-0.02766800,0.00300464,0.02182041,0.10979499,0.03418800
75241,20021009,PXD,0.00718800,-0.02700000,0.03418800,-0.02654583,-0.02762018,0.07189846,-0.03381000
75241,20021010,PXD,0.00119000,0.03500000,-0.03381000,-0.04153756,-0.07247100,0.01075956,-0.04256400
75241,20021011,PXD,-0.00356400,0.03900000,-0.04256400,-0.05275734,-0.04509520,0.03927591,0.02559100
75241,20021014,PXD,0.03259100,0.00700000,0.02559100,-0.04633958,-0.04526961,0.00185253,-0.02737000
75241,20021015,PXD,0.01963000,0.04700000,-0.02737000,-0.00160158,-0.08159757,-0.05424976,-0.00016000
75241,20021016,PXD,-0.02416000,-0.02400000,-0.00016000,-0.00162860,-0.01980793,-0.04909638,0.02596900
75241,20021017,PXD,0.04796900,0.02200000,0.02596900,0.01919318,0.01873435,-0.05847333,-0.00600000
75241,20021018,PXD,0.00000000,0.00600000,-0.00600000,0.00313221,-0.02498570,-0.07383041,-0.01626200
75241,20021021,PXD,0.00073800,0.01700000,-0.01626200,-0.06832706,-0.04439830,-0.09265942,-0.04617500
75241,20021022,PXD,-0.05717500,-0.01100000,-0.04617500,-0.05567444,-0.03825313,-0.12418010,0.00747600
75241,20021023,PXD,0.01447600,0.00700000,0.00747600,-0.05586502,-0.07784496,-0.10339773,-0.01778100
75241,20021024,PXD,-0.03278100,-0.01500000,-0.01778100,-0.04983697,-0.10985986,-0.09927872,-0.03972700
75241,20021025,PXD,-0.02272700,0.01700000,-0.03972700,-0.04463738,-0.08189685,-0.11018671,0.01208000
75241,20021028,PXD,0.00408000,-0.00800000,0.01208000,-0.05799800,-0.06758110,-0.10923738,-0.03122800
75241,20021029,PXD,-0.04022800,-0.00900000,-0.03122800,-0.00636664,-0.06212491,-0.10036504,0.01370900
75241,20021030,PXD,0.02370900,0.01000000,0.01370900,0.01566010,-0.01209634,-0.08933361,0.03453600
75241,20021031,PXD,0.02853600,-0.00600000,0.03453600,0.01667361,-0.00372311,-0.11363743,-0.03147500
75241,20021101,PXD,-0.01447500,0.01700000,-0.03147500,-0.02973779,-0.04794989,-0.12705569,-0.03207200
75241,20021104,PXD,-0.02407200,0.00800000,-0.03207200,-0.05947270,-0.01200561,-0.08120358,0.00454200
75241,20021105,PXD,0.01254200,0.00800000,0.00454200,-0.03908001,-0.03679411,-0.09869598,-0.01106400
75241,20021106,PXD,-0.00206400,0.00900000,-0.01106400,0.00882965,-0.05444183,-0.06630800,0.01513900
75241,20021107,PXD,-0.00786100,-0.02300000,0.01513900,-0.02811740,-0.05503683,-0.05873245,-0.03270100
75241,20021108,PXD,-0.04170100,-0.00900000,-0.03270100,-0.01283071,-0.01923958,-0.06492656,0.00446400
75241,20021111,PXD,-0.01653600,-0.02100000,0.00446400,-0.03633202,-0.03176852,-0.04414962,-0.00888500
75241,20021112,PXD,-0.00088500,0.00800000,-0.00888500,-0.03208897,-0.04772065,-0.08285616,-0.02834400
75241,20021113,PXD,-0.02834400,-0.00000000,-0.02834400,-0.02346620,-0.05077304,-0.10352855,0.01510900
75241,20021114,PXD,0.04010900,0.02500000,0.01510900,0.01313613,0.00853709,-0.04799974,0.02730400
75241,20021115,PXD,0.03330400,0.00600000,0.02730400,0.08444820,0.04400279,0.02177696,0.03841400
75241,20021118,PXD,0.02841400,-0.01000000,0.03841400,0.05537054,0.04170287,0.00657829,-0.01043300
75241,20021119,PXD,-0.01443300,-0.00400000,-0.01043300,0.06816807,0.11707052,0.05682714,0.03957700
75241,20021120,PXD,0.05857700,0.01900000,0.03957700,-0.02799058,0.03939756,-0.01490757,-0.05459700
75241,20021121,PXD,-0.03359700,0.02100000,-0.05459700,-0.03853369,-0.01049945,-0.00204187,-0.02072200
75241,20021122,PXD,-0.02372200,-0.00300000,-0.02072200,-0.06328330,-0.03705323,0.00583852,0.01208200
75241,20021125,PXD,0.01508200,0.00300000,0.01208200,0.00096831,-0.01603116,0.02550780,0.00985700
75241,20021126,PXD,-0.01114300,-0.02100000,0.00985700,0.01696262,-0.05915738,0.05207735,-0.00546200
75241,20021127,PXD,0.02253800,0.02800000,-0.00546200,0.01435485,0.00520642,0.04510917,0.00953100
75241,20021129,PXD,0.00653100,-0.00300000,0.00953100,0.01887034,0.04127467,0.03123672,0.01416500
75241,20021202,PXD,0.01216500,-0.00200000,0.01416500,0.04971462,0.05490618,0.01831287,0.02581700
75241,20021203,PXD,0.01081700,-0.01500000,0.02581700,0.03248949,0.03765322,0.02164443,-0.00730500
75241,20021204,PXD,-0.01030500,-0.00300000,-0.00730500,0.04336148,0.06723811,0.00800062,0.02521600
75241,20021205,PXD,0.01321600,-0.01200000,0.02521600,0.04393351,0.08466961,0.09046866,0.02601600
75241,20021206,PXD,0.03201600,0.00600000,0.02601600,0.06358144,0.08144968,0.12457021,0.01242500
75241,20021209,PXD,-0.00957500,-0.02200000,0.01242500,0.02212090,0.03987934,0.09548226,-0.01632000
75241,20021210,PXD,-0.00232000,0.01400000,-0.01632000,-0.00455657,0.04658412,0.08569860,-0.00100000
75241,20021211,PXD,0.00000000,0.00100000,-0.00100000,-0.00283329,0.03578962,0.10383634,0.01446500
75241,20021212,PXD,0.01046500,-0.00400000,0.01446500,0.01867765,0.01494798,0.09845257,0.00532800
75241,20021213,PXD,-0.00767200,-0.01300000,0.00532800,0.03017574,0.01265645,0.09633477,0.01001600
75241,20021216,PXD,0.03401600,0.02400000,0.01001600,0.01005525,0.02366452,0.06406219,-0.00508400
75241,20021217,PXD,-0.01308400,-0.00800000,-0.00508400,0.00242204,0.02214053,0.06879028,-0.00215200
75241,20021218,PXD,-0.01515200,-0.01300000,-0.00215200,-0.02173883,-0.00735313,0.02755603,-0.01507700
75241,20021219,PXD,-0.02307700,-0.00800000,-0.01507700,-0.00812068,-0.00364635,0.01144743,0.00944100
75241,20021220,PXD,0.02244100,0.01300000,0.00944100,0.00463272,-0.00268819,0.00969685,0.01070700
75241,20021223,PXD,0.01270700,0.00200000,0.01070700,0.01721439,-0.00058997,0.02279689,-0.00298500
75241,20021224,PXD,-0.00798500,-0.00500000,-0.00298500,0.00022475,-0.00578905,0.01628149,-0.00734900
75241,20021226,PXD,-0.01034900,-0.00300000,-0.00734900,-0.02367181,-0.00459024,-0.01175782,-0.01382200
75241,20021227,PXD,-0.02982200,-0.01600000,-0.01382200,-0.02849823,-0.02110654,-0.02477242,-0.00779400
75241,20021230,PXD,-0.00279400,0.00500000,-0.00779400,-0.01099542,-0.02094731,-0.02323209,0.01080900
75241,20021231,PXD,0.01080900,0.00000000,0.01080900,0.00415073,-0.01772312,-0.01811588,0.00105900
75241,20030102,PXD,0.03405900,0.03300000,0.00105900,0.00543064,-0.01690669,-0.02270347,-0.00651100
75241,20030103,PXD,-0.00651100,-0.00000000,-0.00651100,-0.03117240,-0.02827026,-0.03275095,-0.02469900
75241,20030106,PXD,-0.00269900,0.02200000,-0.02469900,-0.07421088,-0.06515009,-0.08479324,-0.04363800
75241,20030107,PXD,-0.05063800,-0.00700000,-0.04363800,-0.07118570,-0.07880824,-0.09731429,-0.00432200
75241,20030108,PXD,-0.01832200,-0.01400000,-0.00432200,-0.04254015,-0.07326976,-0.09139731,0.00588600
75241,20030109,PXD,0.02488600,0.01900000,0.00588600,-0.01124863,-0.07901862,-0.09662479,-0.01254600
75241,20030110,PXD,-0.01254600,-0.00000000,-0.01254600,-0.01424888,-0.06125714,-0.09143941,-0.00719700
75241,20030113,PXD,-0.00819700,-0.00100000,-0.00719700,-0.03170429,-0.03051707,-0.09578937,-0.01219800
75241,20030114,PXD,-0.00619800,0.00600000,-0.01219800,0.03407608,0.02757696,-0.05324488,0.05391700
75241,20030115,PXD,0.03991700,-0.01400000,0.05391700,0.07486243,0.05391377,-0.02129141,0.03238900
75241,20030116,PXD,0.02838900,-0.00400000,0.03238900,0.08949003,0.06948100,-0.01154039,0.00311400
75241,20030117,PXD,-0.01088600,-0.01400000,0.00311400,0.03565699,0.07700741,0.01331939,0.00106300
75241,20030121,PXD,-0.01493700,-0.01600000,0.00106300,-0.00017860,0.08374245,0.05321718,-0.00436500
75241,20030122,PXD,-0.01436500,-0.01000000,-0.00436500,-0.00080318,0.03375527,0.06166145,0.00255100
75241,20030123,PXD,0.01255100,0.01000000,0.00255100,0.00914563,0.01290678,0.06422074,0.01100700
75241,20030124,PXD,-0.01799300,-0.02900000,0.01100700,-0.01724511,-0.01987736,0.04459327,-0.03082400
75241,20030127,PXD,-0.04682400,-0.01600000,-0.03082400,-0.01506630,-0.01686978,0.05705756,0.00494100
75241,20030128,PXD,0.01794100,0.01300000,0.00494100,-0.02249936,-0.00869834,0.07350319,0.00433000
75241,20030129,PXD,0.01133000,0.00700000,0.00433000,0.02003048,-0.00062392,0.03151930,0.01055200
75241,20030130,PXD,-0.01244800,-0.02300000,0.01055200,0.02225463,-0.00483255,0.00820740,0.00716800
75241,20030131,PXD,0.02016800,0.01300000,0.00716800,0.01240431,0.02210301,0.00017108,-0.00541200
75241,20030203,PXD,-0.00041200,0.00500000,-0.00541200,0.05459113,0.06948120,0.04941054,0.05190700
75241,20030204,PXD,0.03790700,-0.01400000,0.05190700,0.02843986,0.04617096,0.03656138,-0.01723100
75241,20030205,PXD,-0.02223100,-0.00500000,-0.01723100,0.04665407,0.04921626,0.04621571,0.01290200
75241,20030206,PXD,0.00690200,-0.00600000,0.01290200,0.01133215,0.05733525,0.05199275,0.01604800
75241,20030207,PXD,0.00604800,-0.01000000,0.01604800,0.03120936,0.06516322,0.08906671,0.00202000
75241,20030210,PXD,0.01002000,0.00800000,0.00202000,0.01691771,0.01218873,0.08091179,-0.00112700
75241,20030211,PXD,-0.00912700,-0.00800000,-0.00112700,-0.01098516,0.01742584,0.06265054,-0.01183000
75241,20030212,PXD,-0.02483000,-0.01300000,-0.01183000,-0.02516148,-0.00777488,0.03988988,-0.01278400
75241,20030213,PXD,-0.01478400,-0.00200000,-0.01278400,-0.03454579,-0.03370299,0.02302603,-0.01016200
75241,20030214,PXD,0.01083800,0.02100000,-0.01016200,-0.02805073,-0.04043071,0.02426638,-0.00456700
75241,20030218,PXD,0.01443300,0.01900000,-0.00456700,-0.00018578,-0.02525520,-0.01263081,0.01431700
75241,20030219,PXD,0.00731700,-0.00700000,0.01431700,0.02546791,0.00225878,0.02002035,0.01524600
75241,20030220,PXD,0.00524600,-0.01000000,0.01524600,0.05252360,0.03894968,0.02962211,0.02232700
75241,20030221,PXD,0.03532700,0.01300000,0.02232700,0.10517303,0.11730856,0.08043217,0.06530499
75241,20030224,PXD,0.04730500,-0.01800000,0.06530499,0.07976321,0.11035080,0.06790849,-0.00959200
75241,20030225,PXD,-0.00259200,0.00700000,-0.00959200,0.05655168,0.09583632,0.07038683,0.00149300
75241,20030226,PXD,-0.01150700,-0.01300000,0.00149300,-0.04248874,0.04398893,0.04726068,-0.03490600
75241,20030227,PXD,-0.02290600,0.01200000,-0.03490600,-0.03316224,0.02128928,0.06155079,-0.00000400
75241,20030228,PXD,0.00499600,0.00500000,-0.00000400,-0.01981289,-0.02758346,0.08691162,0.01526600
75241,20030303,PXD,0.00726600,-0.00800000,0.01526600,0.05066221,0.01653247,0.12634488,0.03512200
75241,20030304,PXD,0.02012200,-0.01500000,0.03512200,0.04637879,0.01091829,0.10792696,-0.00441800
75241,20030305,PXD,0.00558200,0.01000000,-0.00441800,0.03688257,0.05245815,0.09803238,0.00603900
75241,20030306,PXD,-0.00296100,-0.00900000,0.00603900,-0.01487306,0.03558128,0.05706563,-0.01653800
75241,20030307,PXD,-0.00853800,0.00800000,-0.01653800,0.00668854,0.03699010,0.00937327,0.01701500
75241,20030310,PXD,-0.00898500,-0.02600000,0.01701500,-0.00511806,-0.00348107,0.01264422,-0.00597800
75241,20030311,PXD,-0.01397800,-0.00800000,-0.00597800,-0.01761962,-0.02750789,-0.01733058,-0.02928700
75241,20030312,PXD,-0.02528700,0.00400000,-0.02928700,-0.07705387,-0.07492511,-0.02453490,-0.04264800
75241,20030313,PXD,-0.00864800,0.03400000,-0.04264800,-0.08810488,-0.07469764,-0.04053588,-0.01667100
75241,20030314,PXD,-0.01467100,0.00200000,-0.01667100,-0.11832117,-0.15111941,-0.11235955,-0.05834000
75241,20030317,PXD,-0.02334000,0.03500000,-0.05834000,-0.05787141,-0.13073408,-0.13075039,0.01783800
75241,20030318,PXD,0.02183800,0.00400000,0.01783800,-0.04245509,-0.10360426,-0.12742806,-0.00093500
75241,20030319,PXD,0.00806500,0.00900000,-0.00093500,0.03644276,-0.04079423,-0.11706264,0.01880000
75241,20030320,PXD,0.02080000,0.00200000,0.01880000,-0.02539940,-0.06791027,-0.14346273,-0.04259200
75241,20030321,PXD,-0.01959200,0.02300000,-0.04259200,0.00043119,0.01730273,-0.13556667,0.02380900
75241,20030324,PXD,-0.01119100,-0.03500000,0.02380900,-0.00805350,0.00971022,-0.12282120,0.01023100
75241,20030325,PXD,0.02223100,0.01200000,0.01023100,0.02990098,0.00636565,-0.09693782,-0.00409500
75241,20030326,PXD,-0.00909500,-0.00500000,-0.00409500,0.01407106,-0.00420520,-0.04472547,0.00798600
75241,20030327,PXD,0.00598600,-0.00200000,0.00798600,0.00741205,0.04126031,-0.02391847,0.00362000
75241,20030328,PXD,-0.00238000,-0.00600000,0.00362000,0.02744076,0.03363458,0.05125851,0.01601200
75241,20030331,PXD,-0.00198800,-0.01800000,0.01601200,0.05581216,0.05941548,0.07011438,0.03620700
75241,20030401,PXD,0.04820700,0.01200000,0.03620700,0.04161005,0.05356639,0.06013366,-0.01155700
75241,20030402,PXD,0.01444300,0.02600000,-0.01155700,-0.00284204,0.01734587,0.01289448,-0.02609800
75241,20030403,PXD,-0.03109800,-0.00500000,-0.02609800,-0.03457519,0.01742197,0.05949765,0.00357400
75241,20030404,PXD,0.00657400,0.00300000,0.00357400,-0.03270348,-0.00976623,0.02497933,-0.01022000
75241,20030407,PXD,-0.00922000,0.00100000,-0.01022000,-0.01398250,-0.05179324,0.00689433,-0.00730600
75241,20030408,PXD,-0.00930600,-0.00200000,-0.00730600,0.00192668,-0.02049397,0.03083024,0.01948000
75241,20030409,PXD,0.00548000,-0.01400000,0.01948000,0.01937447,0.01267993,0.03024683,0.00723500
75241,20030410,PXD,0.01323500,0.00600000,0.00723500,0.01596588,-0.00155667,0.01558363,-0.01059900
75241,20030411,PXD,-0.01459900,-0.00400000,-0.01059900,-0.01751085,-0.00509379,-0.01504600,-0.01393200
75241,20030414,PXD,0.00506800,0.01900000,-0.01393200,-0.02408809,0.00289553,-0.04964223,0.00059400
75241,20030415,PXD,0.00659400,0.00600000,0.00059400,-0.00540600,-0.00897615,-0.02943742,0.00776100
75241,20030416,PXD,-0.00423900,-0.01200000,0.00776100,-0.01720147,-0.04180650,-0.02908570,-0.02567500
75241,20030417,PXD,-0.00967500,0.01600000,-0.02567500,-0.00295642,-0.01643394,-0.01779267,0.01489600
75241,20030421,PXD,0.01289600,-0.00200000,0.01489600,-0.03859690,-0.02998309,-0.03521798,-0.02740100
75241,20030422,PXD,-0.00540100,0.02200000,-0.02740100,-0.03085024,-0.04860041,-0.04637299,-0.01808500
75241,20030423,PXD,-0.01008500,0.00800000,-0.01808500,-0.04508214,-0.05633210,-0.06596213,0.00016300
75241,20030424,PXD,-0.00783700,-0.00800000,0.00016300,-0.01852003,-0.03101203,-0.07252891,-0.00100800
75241,20030425,PXD,-0.01500800,-0.01400000,-0.00100800,-0.02628208,-0.07128872,-0.08889645,-0.02601900
75241,20030428,PXD,-0.00801900,0.01800000,-0.02601900,-0.07903352,-0.09552245,-0.12570627,-0.05352500
75241,20030429,PXD,-0.05052500,0.00300000,-0.05352500,-0.06093008,-0.06040146,-0.10788957,0.01930600
75241,20030430,PXD,0.01830600,-0.00100000,0.01930600,-0.03009650,-0.05608822,-0.11155905,0.00518100
75241,20030501,PXD,0.00418100,-0.00100000,0.00518100,0.02151258,-0.05995820,-0.09051096,-0.00334300
75241,20030502,PXD,0.01165700,0.01500000,-0.00334300,-0.00658445,-0.04185607,-0.11209095,-0.00834600
75241,20030505,PXD,-0.01234600,-0.00400000,-0.00834600,-0.03484795,-0.01060433,-0.10680780,-0.02300000
75241,20030506,PXD,-0.01500000,0.00800000,-0.02300000,-0.02775504,-0.02629621,-0.08582932,0.00330800
75241,20030507,PXD,-0.00169200,-0.00500000,0.00330800,-0.00168018,-0.01336847,-0.06898308,0.01805100
75241,20030508,PXD,0.00805100,-0.01000000,0.01805100,-0.00053306,-0.03161133,-0.09092651,-0.02198700
75241,20030509,PXD,-0.00798700,0.01400000,-0.02198700,-0.01352059,-0.03325377,-0.07494900,-0.00961000
75241,20030512,PXD,0.00339000,0.01300000,-0.00961000,0.00364195,0.02547369,0.01493883,0.03551700
75241,20030513,PXD,0.03251700,-0.00300000,0.03551700,0.04603534,0.04214822,0.01500369,0.01936000
75241,20030514,PXD,0.01636000,-0.00300000,0.01936000,0.05209362,0.01998415,0.00603400,-0.00357300
75241,20030515,PXD,0.00442700,0.00800000,-0.00357300,0.02257956,0.04950006,0.01608529,0.00660600
75241,20030516,PXD,0.00360600,-0.00300000,0.00660600,0.00566231,0.06022588,0.02703431,0.00264500
75241,20030519,PXD,-0.02235500,-0.02500000,0.00264500,-0.00195195,0.01343178,0.03875267,-0.01125000
75241,20030520,PXD,-0.01225000,-0.00100000,-0.01125000,0.04363586,0.04699212,0.09090383,0.05387500
75241,20030521,PXD,0.05787500,0.00400000,0.05387500,0.03248462,0.04107763,0.06275749,-0.00939100
75241,20030522,PXD,-0.00039100,0.00900000,-0.00939100,0.06780274,0.05700139,0.10939530,0.02206500
75241,20030523,PXD,0.02306500,0.00100000,0.02206500,0.00886857,0.05245338,0.11647880,-0.00395100
75241,20030527,PXD,0.01604900,0.02000000,-0.00395100,-0.01837044,0.02602403,0.03966798,-0.03547100
75241,20030528,PXD,-0.03347100,0.00200000,-0.03547100,-0.04622822,-0.03439283,0.01289747,-0.00650600
75241,20030529,PXD,-0.01050600,-0.00400000,-0.00650600,-0.00732044,0.01109399,0.05385428,0.03651400
75241,20030530,PXD,0.05151400,0.01500000,0.03651400,0.02003525,-0.02092299,0.03727214,-0.00923600
75241,20030602,PXD,-0.00523600,0.00400000,-0.00923600,0.02539173,-0.01833855,0.03370147,-0.00161700
75241,20030603,PXD,0.00338300,0.00500000,-0.00161700,-0.01779839,0.01172147,0.03939738,-0.00675700
75241,20030604,PXD,0.00824300,0.01500000,-0.00675700,-0.02189958,0.00469214,-0.03123215,-0.01329000
75241,20030605,PXD,-0.00929000,0.00400000,-0.01329000,-0.02189220,-0.03292727,-0.02303586,-0.00175100
75241,20030606,PXD,-0.00375100,-0.00200000,-0.00175100,-0.00891981,-0.01736037,-0.03877453,0.00597600
75241,20030609,PXD,-0.00602400,-0.01200000,0.00597600,0.01785482,-0.00224579,-0.02084697,0.01372700
75241,20030610,PXD,0.02272700,0.00900000,0.01372700,0.04963605,0.03384464,0.04729860,0.02922200
75241,20030611,PXD,0.04222200,0.01300000,0.02922200,0.02989121,0.03392104,0.04029534,-0.01308200
75241,20030612,PXD,-0.01208200,0.00100000,-0.01308200,-0.00202039,0.01769652,-0.01537467,-0.01697800
75241,20030613,PXD,-0.02697800,-0.01000000,-0.01697800,-0.05969950,-0.01928238,-0.03710872,-0.03050300
75241,20030616,PXD,-0.00850300,0.02200000,-0.03050300,-0.06674891,-0.05291005,-0.05583100,-0.02038900
75241,20030617,PXD,-0.01938900,0.00100000,-0.02038900,-0.06681751,-0.09457700,-0.06465667,-0.01663100
75241,20030618,PXD,-0.01863100,-0.00200000,-0.01663100,0.01002095,-0.03661203,-0.00440563,0.04793300
75241,20030619,PXD,0.03293300,-0.01500000,0.04793300,0.03043554,-0.02034616,-0.00290704,-0.00025000
75241,20030620,PXD,0.00075000,0.00100000,-0.00025000,0.05997684,0.02208115,0.00370525,0.01250100
75241,20030623,PXD,-0.00149900,-0.01400000,0.01250100,-0.00808935,0.02211985,-0.02989159,-0.02039300
75241,20030624,PXD,-0.01839300,0.00200000,-0.02039300,0.01431071,0.06156447,-0.03492590,0.02253200
75241,20030625,PXD,0.01453200,-0.00800000,0.02253200,-0.01918112,-0.00684264,-0.04287531,-0.02117700
75241,20030626,PXD,-0.01017700,0.01100000,-0.02117700,0.01285358,0.00481764,-0.01520664,0.01152300
75241,20030627,PXD,0.00152300,-0.01000000,0.01152300,-0.01509687,-0.01314890,0.00886325,-0.00560500
75241,20030630,PXD,-0.00760500,-0.00200000,-0.00560500,0.00255221,0.00385271,0.02592458,-0.00340200
75241,20030701,PXD,0.00459800,0.00800000,-0.00340200,-0.03136346,-0.04082370,0.02076929,-0.02229700
75241,20030702,PXD,-0.01029700,0.01200000,-0.02229700,-0.00388826,0.00209207,-0.00478067,0.02187300
75241,20030703,PXD,0.01387300,-0.00800000,0.02187300,-0.03327504,-0.04240723,-0.03684544,-0.03268300
75241,20030707,PXD,-0.01368300,0.01900000,-0.03268300,-0.02621148,-0.05226187,-0.06480185,-0.01533100
75241,20030708,PXD,-0.01233100,0.00300000,-0.01533100,-0.03378786,-0.03438217,-0.03054487,0.01419400
75241,20030709,PXD,0.00819400,-0.00600000,0.01419400,-0.01831741,-0.02899197,-0.06896533,-0.01718600
75241,20030710,PXD,-0.03018600,-0.01300000,-0.01718600,-0.01546893,-0.06253506,-0.06053541,-0.01239400
75241,20030711,PXD,-0.00239400,0.01000000,-0.01239400,-0.04077693,-0.04182771,-0.08367088,-0.01160000
75241,20030714,PXD,-0.00560000,0.00600000,-0.01160000,-0.02777587,-0.03051870,-0.08190929,-0.00383800
75241,20030715,PXD,-0.00683800,-0.00300000,-0.00383800,-0.01096376,-0.03989590,-0.07348826,0.00438000
75241,20030716,PXD,-0.00162000,-0.00600000,0.00438000,-0.00165178,-0.02517739,-0.05315659,-0.00219900
75241,20030717,PXD,-0.01419900,-0.01200000,-0.00219900,0.01748367,0.00197965,-0.06045515,0.01557200
75241,20030718,PXD,0.02757200,0.01200000,0.01557200,0.01230167,0.01272472,-0.02863411,-0.00061900
75241,20030721,PXD,-0.01561900,-0.01500000,-0.00061900,0.00514591,0.00721109,-0.02322839,-0.00959300
75241,20030722,PXD,0.00040700,0.01000000,-0.00959300,-0.02628107,-0.01355120,-0.05265153,-0.01645300
75241,20030723,PXD,-0.01545300,0.00100000,-0.01645300,-0.02752869,-0.01308563,-0.03788482,-0.00167400
75241,20030724,PXD,-0.00867400,-0.00700000,-0.00167400,-0.03325680,-0.04292870,-0.04088629,-0.01533300
75241,20030725,PXD,0.00166700,0.01700000,-0.01533300,-0.02933940,-0.05516499,-0.04157770,-0.01255900
75241,20030728,PXD,-0.01455900,-0.00200000,-0.01255900,-0.03202721,-0.04938616,-0.04196200,-0.00439700
75241,20030729,PXD,-0.01139700,-0.00700000,-0.00439700,-0.02230984,-0.03887020,-0.05171137,-0.00568600
75241,20030730,PXD,-0.00768600,-0.00200000,-0.00568600,0.01909830,-0.00886293,-0.02195513,0.02970200
75241,20030731,PXD,0.03270200,0.00300000,0.02970200,0.01926264,0.00211331,-0.04012478,-0.00416700
75241,20030801,PXD,-0.01416700,-0.01000000,-0.00416700,-0.00111272,-0.01106045,-0.06510779,-0.02582300
75241,20030804,PXD,-0.02282300,0.00300000,-0.02582300,-0.02426342,-0.00168571,-0.04980965,0.00502400
75241,20030805,PXD,-0.01297600,-0.01800000,0.00502400,0.01519765,0.04024550,0.00054110,0.03700100
75241,20030806,PXD,0.03900100,0.00200000,0.03700100,0.06710639,0.03528027,0.02656016,0.02463200
75241,20030807,PXD,0.03163200,0.00700000,0.02463200,0.06539038,0.04235315,0.04379231,0.00213300
75241,20030808,PXD,0.00613300,0.00400000,0.00213300,0.06143467,0.10514168,0.09157574,0.03316400
75241,20030811,PXD,0.03616400,0.00300000,0.03316400,0.02748109,0.09338239,0.08925998,-0.00803900
75241,20030812,PXD,0.00196100,0.01000000,-0.00803900,0.02921236,0.05743943,0.09957324,0.00404300
75241,20030813,PXD,-0.00195700,-0.00600000,0.00404300,-0.02626142,0.00851823,0.04459880,-0.02229400
75241,20030814,PXD,-0.01529400,0.00700000,-0.02229400,0.00452115,0.02988389,0.07402992,0.02309800
75241,20030815,PXD,0.02309800,0.00000000,0.02309800,-0.01292610,-0.01692924,0.08857952,-0.01328200
75241,20030818,PXD,-0.00428200,0.00900000,-0.01328200,-0.00844295,-0.02669526,0.06470715,-0.01785500
75241,20030819,PXD,-0.01485500,0.00300000,-0.01785500,-0.01623110,-0.01589678,0.04132318,0.01509500
75241,20030820,PXD,0.01309500,-0.00200000,0.01509500,0.01046726,0.02041917,0.02959104,0.01345100
75241,20030821,PXD,0.01645100,0.00300000,0.01345100,0.03203134,0.00060041,0.03059739,0.00344900
75241,20030822,PXD,-0.00655100,-0.01000000,0.00344900,0.00486182,0.00192154,-0.01491619,-0.01186100
75241,20030825,PXD,-0.01086100,0.00100000,-0.01186100,-0.03018668,-0.00249135,-0.02901770,-0.02221600
75241,20030826,PXD,-0.01921600,0.00300000,-0.02221600,-0.03658672,-0.02005547,-0.03592727,-0.00279900
75241,20030827,PXD,-0.00279900,0.00000000,-0.00279900,-0.02078323,-0.02882887,-0.00937558,0.00442500
75241,20030828,PXD,0.01042500,0.00600000,0.00442500,0.00296398,-0.03136950,-0.03086992,0.00134900
75241,20030829,PXD,0.00634900,0.00500000,0.00134900,-0.01957131,-0.04473135,-0.04261561,-0.02504100
75241,20030902,PXD,-0.01104100,0.01400000,-0.02504100,-0.03068609,-0.02928548,-0.03162896,-0.00679100
75241,20030903,PXD,-0.00279100,0.00400000,-0.00679100,-0.03428774,-0.02893832,-0.04895362,-0.00240000
75241,20030904,PXD,-0.00040000,0.00200000,-0.00240000,-0.00714902,-0.03094648,-0.05942987,0.00200000
75241,20030905,PXD,-0.00400000,-0.00600000,0.00200000,-0.00035039,-0.03239220,-0.06399031,0.00004000
75241,20030908,PXD,0.01004000,0.01000000,0.00004000,0.00609156,-0.00308804,-0.04785314,0.00402400
75241,20030909,PXD,-0.00397600,-0.00800000,0.00402400,0.01893809,0.01847229,-0.01040101,0.01479400
75241,20030910,PXD,0.00279400,-0.01200000,0.01479400,-0.00010588,0.00192244,-0.02668938,-0.01893300
75241,20030911,PXD,-0.01393300,0.00500000,-0.01893300,-0.01768088,-0.01370405,-0.04438947,-0.01370800
75241,20030912,PXD,-0.01170800,0.00200000,-0.01370800,-0.03363453,-0.01482763,-0.04654698,-0.00131000
75241,20030915,PXD,-0.00531000,-0.00400000,-0.00131000,-0.02932377,-0.03316313,-0.03622638,-0.01441100
75241,20030916,PXD,-0.00041100,0.01400000,-0.01441100,-0.02652211,-0.05855887,-0.04008600,-0.01096900
75241,20030917,PXD,-0.01396900,-0.00300000,-0.01096900,-0.01629812,-0.03132984,-0.02907678,0.00950000
75241,20030918,PXD,0.02250000,0.01300000,0.00950000,0.02264981,0.00674887,-0.00730122,0.02419000
75241,20030919,PXD,0.02119000,-0.00300000,0.02419000,0.04191825,0.01606370,0.00061011,0.00781200
75241,20030922,PXD,-0.00518800,-0.01300000,0.00781200,0.03287626,0.03141968,-0.00262751,0.00081900
75241,20030923,PXD,0.00681900,0.00600000,0.00081900,0.04350057,0.07874031,0.01762175,0.03493600
75241,20030924,PXD,0.01593600,-0.01900000,0.03493600,0.03187078,0.06362410,0.03279037,-0.00380400
75241,20030925,PXD,-0.00980400,-0.00600000,-0.00380400,0.02993918,0.03839397,0.04579877,-0.00073300
75241,20030926,PXD,-0.00673300,-0.00600000,-0.00073300,-0.00458353,0.03121436,0.04777785,-0.00003200
75241,20030929,PXD,0.00996800,0.01000000,-0.00003200,0.01541945,0.04615412,0.07801537,0.01613200
75241,20030930,PXD,0.00513200,-0.01100000,0.01613200,0.00624714,0.00154317,0.08106118,-0.01021700
75241,20031001,PXD,0.01178300,0.02200000,-0.01021700,0.01959303,0.01887315,0.08411025,0.01314000
75241,20031002,PXD,0.01514000,0.00200000,0.01314000,0.01347935,0.03048557,0.07013679,0.01012000
75241,20031003,PXD,0.01912000,0.00900000,0.01012000,0.02336920,0.03007700,0.06258493,-0.00024800
75241,20031006,PXD,0.00375200,0.00400000,-0.00024800,0.00522518,0.00847966,0.05672065,-0.00462600
75241,20031007,PXD,0.00037400,0.00500000,-0.00462600,-0.01223041,0.01097216,0.01265039,-0.00733200
75241,20031008,PXD,-0.01233200,-0.00500000,-0.00733200,-0.02142326,-0.01195768,0.00683041,-0.00954000
75241,20031009,PXD,-0.00454000,0.00500000,-0.00954000,-0.00009552,-0.00498349,0.02543357,0.01696400
75241,20031010,PXD,0.01596400,-0.00100000,0.01696400,-0.01404879,-0.02595000,0.00300305,-0.02121600
75241,20031013,PXD,-0.01421600,0.00700000,-0.02121600,-0.01875840,-0.03540221,-0.02864546,-0.01424700
75241,20031014,PXD,-0.01024700,0.00400000,-0.01424700,-0.05588070,-0.04909970,-0.03927266,-0.02115600
75241,20031015,PXD,-0.02415600,-0.00300000,-0.02115600,-0.01879183,-0.02331016,-0.03553012,0.01703900
75241,20031016,PXD,0.02003900,0.00300000,0.01703900,-0.01031348,-0.04505416,-0.05017744,-0.00579400
75241,20031017,PXD,-0.01579400,-0.01000000,-0.00579400,0.00874440,-0.02662506,-0.05214894,-0.00226000
75241,20031020,PXD,0.00274000,0.00500000,-0.00226000,-0.00788657,-0.01242374,-0.04736639,0.00017100
75241,20031021,PXD,0.00117100,0.00100000,0.00017100,0.01495583,0.02587348,-0.02339745,0.01694900
75241,20031022,PXD,0.00194900,-0.01500000,0.01694900,0.01652143,0.00834679,-0.01470025,-0.00066500
75241,20031023,PXD,0.00233500,0.00300000,-0.00066500,0.01971353,0.01773539,-0.02760243,0.00344700
75241,20031024,PXD,-0.00155300,-0.00500000,0.00344700,-0.01359984,0.00349454,-0.02285368,-0.01638600
75241,20031027,PXD,-0.01438600,0.00200000,-0.01638600,-0.01194495,0.00453235,-0.00796309,0.00117400
75241,20031028,PXD,0.01617400,0.01500000,0.00117400,0.00450380,0.00735102,0.03371057,0.01996300
75241,20031029,PXD,0.02096300,0.00100000,0.01996300,0.01143198,-0.00185020,0.00661054,-0.00964600
75241,20031030,PXD,-0.01064600,-0.00100000,-0.00964600,0.02278759,0.00728647,0.02544451,0.01252600
75241,20031031,PXD,0.01652600,0.00400000,0.01252600,-0.00341516,0.01815429,0.02155259,-0.00611000
75241,20031103,PXD,0.00189000,0.00800000,-0.00611000,-0.00005450,0.01011007,0.01471737,-0.00632100
75241,20031104,PXD,-0.01132100,-0.00500000,-0.00632100,-0.01065369,-0.00800106,-0.00080038,0.00176300
75241,20031105,PXD,0.00076300,-0.00100000,0.00176300,-0.00713896,-0.00085566,-0.00273670,-0.00256700
75241,20031106,PXD,0.00343300,0.00600000,-0.00256700,0.00880968,-0.00368570,0.00351750,0.00956100
75241,20031107,PXD,0.00456100,-0.00500000,0.00956100,0.02219909,0.01741594,0.03616061,0.01508100
75241,20031110,PXD,0.00908100,-0.00600000,0.01508100,0.01804078,0.01733065,0.02766572,-0.00649900
75241,20031111,PXD,-0.00749900,-0.00100000,-0.00649900,0.01536766,0.02255796,0.01444905,0.00675600
75241,20031112,PXD,0.01775600,0.01100000,0.00675600,0.00800870,0.03301789,0.03253115,0.00779500
75241,20031113,PXD,0.00779500,-0.00000000,0.00779500,0.02013310,0.02869625,0.02500396,0.00542200
75241,20031114,PXD,-0.00257800,-0.00800000,0.00542200,0.01172445,0.01197607,0.02939739,-0.00138600
75241,20031117,PXD,-0.00738600,-0.00600000,-0.00138600,0.02208988,0.03701138,0.05451415,0.01830100
75241,20031118,PXD,0.00930100,-0.00900000,0.01830100,0.00374226,0.01686534,0.03954786,-0.01316000
75241,20031119,PXD,-0.00516000,0.00800000,-0.01316000,0.01724910,0.02104823,0.05398239,0.01207600
75241,20031120,PXD,0.00407600,-0.00800000,0.01207600,-0.01299282,0.00380791,0.03222364,-0.01196300
75241,20031121,PXD,-0.00996300,0.00200000,-0.01196300,-0.00025414,0.00496086,0.01708144,-0.00034600
75241,20031124,PXD,0.01565400,0.01600000,-0.00034600,-0.00641536,-0.00747016,0.03009529,0.00607300
75241,20031125,PXD,0.00807300,0.00200000,0.00607300,0.02672100,0.02665302,0.04383693,0.02039000
75241,20031126,PXD,0.02439000,0.00400000,0.02039000,0.03472525,0.02234540,0.04386077,0.00781800
75241,20031128,PXD,0.00781800,-0.00000000,0.00781800,0.02609188,0.03262314,0.03625688,-0.00253700
75241,20031201,PXD,0.00846300,0.01100000,-0.00253700,0.01619788,0.04359117,0.04922167,0.01069200
75241,20031202,PXD,0.00769200,-0.00300000,0.01069200,0.00780059,0.03662102,0.02953530,-0.00042900
75241,20031203,PXD,-0.00242900,-0.00200000,-0.00042900,0.03078740,0.03663772,0.06514448,0.02039100
75241,20031204,PXD,0.02539100,0.00500000,0.02039100,0.02966904,0.03836182,0.06255545,0.00969600
75241,20031205,PXD,0.00169600,-0.00800000,0.00969600,0.04510421,0.05561936,0.09187666,0.01433400
75241,20031208,PXD,0.02133400,0.00700000,0.01433400,0.01818725,0.03831399,0.08380366,-0.00558900
75241,20031209,PXD,-0.01458900,-0.00900000,-0.00558900,-0.00879215,0.02104703,0.05842567,-0.01717000
75241,20031210,PXD,-0.01817000,-0.00100000,-0.01717000,-0.01150997,0.01236850,0.04958941,0.01161800
75241,20031211,PXD,0.02261800,0.01100000,0.01161800,0.00750530,0.01616104,0.05560884,0.01342100
75241,20031212,PXD,0.01642100,0.00300000,0.01342100,0.01946676,-0.00384761,0.05144389,-0.00554000
75241,20031215,PXD,-0.01154000,-0.00600000,-0.00554000,0.02821088,0.02234923,0.06189712,0.02035200
75241,20031216,PXD,0.02735200,0.00700000,0.02035200,0.02606658,0.05252096,0.07469062,0.01133800
75241,20031217,PXD,0.01233800,0.00100000,0.01133800,0.06195198,0.07010703,0.08354215,0.02841000
75241,20031218,PXD,0.04041000,0.01200000,0.02841000,0.03244272,0.04767299,0.06535147,-0.00739800
75241,20031219,PXD,-0.00739800,-0.00000000,-0.00739800,-0.00514365,0.02718479,0.02308187,-0.02511800
75241,20031222,PXD,-0.02111800,0.00400000,-0.02511800,-0.04338678,-0.00518020,0.01743035,-0.01124900
75241,20031223,PXD,-0.00824900,0.00300000,-0.01124900,-0.01990535,0.00026012,0.05369480,0.01671500
75241,20031224,PXD,0.01471500,-0.00200000,0.01671500,0.01699059,-0.01594792,0.05326085,0.01155600
75241,20031226,PXD,0.01355600,0.00200000,0.01155600,0.03566781,-0.00201248,0.04644660,0.00666200
75241,20031229,PXD,0.01866200,0.01200000,0.00666200,0.01844702,0.02398964,0.05281537,0.00000000
75241,20031230,PXD,0.00000000,0.00000000,0.00000000,-0.02086723,0.00741244,0.00227031,-0.02703800
75241,20031231,PXD,-0.02503800,0.00200000,-0.02703800,-0.02616909,-0.00859037,-0.00847563,0.00080800
75241,20040102,PXD,-0.00219200,-0.00300000,0.00080800,-0.01098110,-0.00445085,-0.02072760,0.01593500
75241,20040105,PXD,0.02793500,0.01200000,0.01593500,0.00662642,-0.02084712,-0.02323979,-0.00985500
75241,20040106,PXD,-0.00885500,0.00100000,-0.00985500,-0.01064321,-0.03691661,-0.01403125,-0.01617100
75241,20040107,PXD,-0.01417100,0.00200000,-0.01617100,-0.03244376,-0.01642512,-0.00923831,-0.00656200
75241,20040108,PXD,-0.00156200,0.00500000,-0.00656200,0.00605853,0.01198134,0.00334994,0.02903100
75241,20040109,PXD,0.02003100,-0.00900000,0.02903100,0.02719025,0.00064084,-0.00381559,0.00451200
75241,20040112,PXD,0.00951200,0.00500000,0.00451200,0.03562783,0.01255230,-0.00836264,0.00196000
75241,20040113,PXD,-0.00304000,-0.00500000,0.00196000,-0.00582729,0.01672726,-0.02071628,-0.01226800
75241,20040114,PXD,-0.00426800,0.00800000,-0.01226800,-0.02372047,0.00948657,-0.00693098,-0.01355400
75241,20040115,PXD,-0.01255400,0.00100000,-0.01355400,-0.03375391,-0.02739942,-0.01585365,-0.00793000
75241,20040116,PXD,-0.00093000,0.00700000,-0.00793000,0.00494166,-0.00542122,-0.00479881,0.02676000
75241,20040120,PXD,0.02576000,-0.00100000,0.02676000,0.00859461,-0.01768789,-0.00502996,-0.01011800
75241,20040121,PXD,-0.00211800,0.00800000,-0.01011800,0.01899618,-0.00282438,0.01404552,0.00239400
75241,20040122,PXD,-0.00060600,-0.00300000,0.00239400,0.02487078,0.04435663,0.05434480,0.03264300
75241,20040123,PXD,0.03064300,-0.00200000,0.03264300,0.01913052,0.03629251,0.00809781,-0.01582700
75241,20040126,PXD,-0.00382700,0.01200000,-0.01582700,0.01650724,0.00876454,0.00335698,-0.00004700
75241,20040127,PXD,-0.01004700,-0.01000000,-0.00004700,-0.02376743,0.01010625,-0.00722409,-0.00838800
75241,20040128,PXD,-0.02238800,-0.01400000,-0.00838800,-0.02475521,-0.00901078,-0.01189197,-0.01690800
75241,20040129,PXD,-0.01190800,0.00500000,-0.01690800,-0.03512088,-0.05016122,-0.00893166,-0.01059700
75241,20040130,PXD,-0.01359700,-0.00300000,-0.01059700,-0.04232811,-0.04936484,-0.01620799,-0.01527800
75241,20040202,PXD,-0.01127800,0.00400000,-0.01527800,-0.03320013,-0.05707937,-0.04915425,-0.00765400
75241,20040203,PXD,-0.00665400,0.00100000,-0.00765400,-0.02985850,-0.05634689,-0.04585839,-0.00731100
75241,20040204,PXD,-0.01531100,-0.00800000,-0.00731100,-0.04789310,-0.07228955,-0.07994802,-0.03374600
75241,20040205,PXD,-0.03174600,0.00200000,-0.03374600,-0.04837305,-0.07052808,-0.11703230,-0.00764700
75241,20040206,PXD,0.00535300,0.01300000,-0.00764700,-0.02396671,-0.03847587,-0.08548974,0.01797500
75241,20040209,PXD,0.01497500,-0.00300000,0.01797500,0.02212479,-0.02006927,-0.07636888,0.01139300
75241,20040210,PXD,0.01639300,0.00500000,0.01139300,0.03091982,-0.01203142,-0.06927823,0.00093600
75241,20040211,PXD,0.01193600,0.01100000,0.00093600,0.00541837,0.01609070,-0.05894838,-0.00679500
75241,20040212,PXD,-0.01179500,-0.00500000,-0.00679500,-0.00575414,0.02371947,-0.04840286,0.00016100
75241,20040213,PXD,-0.00483900,-0.00500000,0.00016100,-0.01012667,0.00205307,-0.03710657,-0.00351700
75241,20040217,PXD,0.00648300,0.01000000,-0.00351700,-0.01383396,-0.01978436,-0.03977083,-0.01049300
75241,20040218,PXD,-0.01449300,-0.00400000,-0.01049300,-0.02008902,-0.02637071,-0.03873230,-0.00613100
75241,20040219,PXD,-0.01013100,-0.00400000,-0.00613100,-0.01963650,-0.02296900,-0.00782886,-0.00327300
75241,20040220,PXD,-0.00627300,-0.00300000,-0.00327300,-0.00081761,-0.01473478,0.00849598,0.00864800
75241,20040223,PXD,0.00564800,-0.00300000,0.00864800,0.01524238,-0.00149226,0.00050126,0.00992900
75241,20040224,PXD,0.00792900,-0.00200000,0.00992900,0.03257588,0.02270067,0.00278157,0.01369900
75241,20040225,PXD,0.01769900,0.00400000,0.01369900,0.04094368,0.04626325,0.01837926,0.01671300
75241,20040226,PXD,0.01771300,0.00100000,0.01671300,0.04776537,0.06712493,0.04220741,0.01645600
75241,20040227,PXD,0.01645600,0.00000000,0.01645600,0.05340220,0.07881640,0.06240787,0.01895400
75241,20040301,PXD,0.02895400,0.01000000,0.01895400,0.03783301,0.07002712,0.06730360,0.00206700
75241,20040302,PXD,-0.00393300,-0.00600000,0.00206700,0.02549717,0.06003523,0.08377662,0.00437900
75241,20040303,PXD,0.00637900,0.00200000,0.00437900,-0.00048858,0.03533876,0.08354514,-0.00692400
75241,20040304,PXD,-0.00392400,0.00300000,-0.00692400,0.01698128,0.03851847,0.10896565,0.01951500
75241,20040305,PXD,0.02151500,0.00200000,0.01951500,0.02476636,0.03123972,0.11237079,0.01215300
75241,20040308,PXD,0.00415300,-0.00800000,0.01215300,0.02804082,0.02556379,0.09711765,-0.00345300
75241,20040309,PXD,-0.00945300,-0.00600000,-0.00345300,0.00738445,0.01965501,0.07957323,-0.00110500
75241,20040310,PXD,-0.01610500,-0.01500000,-0.00110500,-0.00133109,0.02927703,0.06444994,0.00317800
75241,20040311,PXD,-0.01182200,-0.01500000,0.00317800,0.00709732,0.01551601,0.05357646,0.00517800
75241,20040312,PXD,0.01717800,0.01200000,0.00517800,0.03198821,0.02675678,0.05746683,0.02365000
75241,20040315,PXD,0.00965000,-0.01400000,0.02365000,0.00630337,0.00817470,0.03322353,-0.02242800
75241,20040316,PXD,-0.01642800,0.00600000,-0.02242800,0.00613254,0.01452898,0.03413492,0.00500600
75241,20040317,PXD,0.01700600,0.01200000,0.00500600,-0.01287207,0.01643964,0.04595214,0.00488200
75241,20040318,PXD,0.00388200,-0.00100000,0.00488200,0.00742151,0.00851730,0.02376687,-0.00238500
75241,20040319,PXD,-0.01338500,-0.01100000,-0.00238500,-0.00413053,-0.02146373,0.00533474,-0.00659600
75241,20040322,PXD,-0.01959600,-0.01300000,-0.00659600,-0.01204972,-0.00258357,0.00552196,-0.00330500
75241,20040323,PXD,-0.00430500,-0.00100000,-0.00330500,-0.03619625,-0.03345519,-0.01983652,-0.02703000
75241,20040324,PXD,-0.02903000,-0.00200000,-0.02703000,-0.03693906,-0.04470696,-0.02985045,-0.00645800
75241,20040325,PXD,0.00954200,0.01600000,-0.00645800,-0.01536996,-0.02496086,-0.01646143,0.01869900
75241,20040326,PXD,0.01769900,-0.00100000,0.01869900,0.02922425,-0.00280973,-0.02473156,0.01619300
75241,20040329,PXD,0.02919300,0.01300000,0.01619300,0.00640570,-0.02799491,-0.03018902,-0.02783800
75241,20040330,PXD,-0.02383800,0.00400000,-0.02783800,-0.01292899,-0.00065830,-0.03511898,-0.00054600
75241,20040331,PXD,-0.00154600,-0.00100000,-0.00054600,-0.05749829,-0.02451874,-0.06875297,-0.02976800
75241,20040401,PXD,-0.02476800,0.00500000,-0.02976800,-0.03992498,-0.05266529,-0.07700408,-0.00963500
75241,20040402,PXD,-0.00063500,0.00900000,-0.00963500,-0.03608898,-0.06414535,-0.06845552,0.00375400
75241,20040405,PXD,0.01175400,0.00800000,0.00375400,-0.02138617,-0.05155018,-0.08019466,-0.01526800
75241,20040406,PXD,-0.01726800,-0.00200000,-0.01526800,0.00137626,-0.03804920,-0.03988038,0.01307000
75241,20040407,PXD,0.00607000,-0.00700000,0.01307000,0.01186142,0.00609227,-0.01862321,0.01433800
75241,20040408,PXD,0.01333800,-0.00100000,0.01433800,0.05670746,0.04471778,-0.00910187,0.02853200
75241,20040412,PXD,0.03353200,0.00500000,0.02853200,0.04658139,0.04376140,-0.02087142,0.00369100
75241,20040413,PXD,-0.01030900,-0.01400000,0.00369100,0.04014656,0.06813444,0.01529934,0.00804700
75241,20040414,PXD,0.00704700,-0.00100000,0.00804700,0.04492977,0.08977141,0.04985385,0.03337800
75241,20040415,PXD,0.03437800,0.00100000,0.03337800,0.04892354,0.08214986,0.08928638,0.00676500
75241,20040416,PXD,0.01176500,0.00500000,0.00676500,0.03801474,0.04962108,0.09634203,-0.00245400
75241,20040419,PXD,-0.00145400,0.00100000,-0.00245400,-0.01285072,0.02786166,0.07187253,-0.01689700
75241,20040420,PXD,-0.03289700,-0.01600000,-0.01689700,-0.01171218,0.02787600,0.09712620,0.00794400
75241,20040421,PXD,0.01294400,0.00500000,0.00794400,-0.01295474,-0.00878738,0.08107238,-0.00359900
75241,20040422,PXD,0.01040100,0.01400000,-0.00359900,-0.00262968,-0.02221417,0.05859422,-0.00688200
75241,20040423,PXD,-0.00588200,0.00100000,-0.00688200,0.00182467,-0.00761323,0.04167932,0.01228400
75241,20040426,PXD,0.00828400,-0.00400000,0.01228400,0.01571619,0.02049032,0.04921873,0.01032400
75241,20040427,PXD,0.01232400,0.00200000,0.01032400,0.01597974,0.00566336,0.03364014,-0.00629000
75241,20040428,PXD,-0.02029000,-0.01400000,-0.00629000,-0.02026829,-0.01506558,-0.02365193,-0.02424900
75241,20040429,PXD,-0.03224900,-0.00800000,-0.02424900,-0.02412799,-0.00254019,-0.02405009,0.00600000
75241,20040430,PXD,0.00000000,-0.00600000,0.00600000,-0.00320694,0.00061198,-0.00687630,0.01576300
75241,20040503,PXD,0.02476300,0.00900000,0.01576300,-0.00831446,-0.03802825,-0.01935245,-0.02944600
75241,20040504,PXD,-0.02744600,0.00200000,-0.02944600,-0.02007118,-0.03795947,-0.03247152,-0.00568100
75241,20040505,PXD,-0.00368100,0.00200000,-0.00568100,-0.05485115,-0.03445838,-0.04821525,-0.02070900
75241,20040506,PXD,-0.02770900,-0.00700000,-0.02070900,-0.05559618,-0.06951736,-0.06979500,-0.03064900
75241,20040507,PXD,-0.04464900,-0.01400000,-0.03064900,-0.05391880,-0.08616635,-0.08415544,-0.00457800
75241,20040510,PXD,-0.01557800,-0.01100000,-0.00457800,0.00026137,-0.02557293,-0.06135720,0.03745400
75241,20040511,PXD,0.04545400,0.00800000,0.03745400,0.04086874,-0.01220174,-0.04885059,0.00830600
75241,20040512,PXD,0.01030600,0.00200000,0.00830600,0.01994964,-0.01623582,-0.04957980,-0.02482100
75241,20040513,PXD,-0.02582100,-0.00100000,-0.02482100,0.00515629,0.03756252,-0.03465676,0.02227000
75241,20040514,PXD,0.02127000,-0.00100000,0.02227000,0.02030908,0.06706382,-0.02647888,0.02349600
75241,20040517,PXD,0.01249600,-0.01100000,0.02349600,0.00998125,-0.00687021,-0.03201215,-0.03516500
75241,20040518,PXD,-0.02816500,0.00700000,-0.03516500,-0.01600537,-0.01900300,-0.03044489,-0.00416400
75241,20040519,PXD,-0.00716400,-0.00300000,-0.00416400,-0.04258741,0.00216717,-0.01400783,-0.00360800
75241,20040520,PXD,-0.00360800,0.00000000,-0.00360800,-0.02410763,-0.03567714,0.00053936,-0.01650800
75241,20040521,PXD,-0.01250800,0.00400000,-0.01650800,0.02711765,-0.01317602,0.05371625,0.04800000
75241,20040524,PXD,0.05000000,0.00200000,0.04800000,0.02463760,0.01645550,0.00927430,-0.00647600
75241,20040525,PXD,0.00952400,0.01600000,-0.00647600,0.02993207,0.00897747,-0.01073626,-0.01143400
75241,20040526,PXD,-0.00943400,0.00200000,-0.01143400,-0.04636207,-0.01646769,-0.01413787,-0.02822200
75241,20040527,PXD,-0.02222200,0.00600000,-0.02822200,-0.03373343,0.00650464,-0.03032240,0.00587000
75241,20040528,PXD,0.00487000,-0.00100000,0.00587000,-0.01070792,-0.02882982,-0.04221917,0.01195500
75241,20040601,PXD,0.01195500,0.00000000,0.01195500,0.00709388,-0.03266634,-0.01720531,-0.01066300
75241,20040602,PXD,-0.00766300,0.00300000,-0.01066300,-0.00890323,-0.03111169,-0.02315626,-0.01005300
75241,20040603,PXD,-0.01705300,-0.00700000,-0.01005300,-0.02809886,-0.01067283,-0.02728738,-0.00761900
75241,20040604,PXD,-0.00261900,0.00500000,-0.00761900,-0.01586308,-0.01471261,-0.00856346,0.00205100
75241,20040607,PXD,0.01805100,0.01600000,0.00205100,0.00306422,-0.01805094,-0.04732562,0.00863800
75241,20040608,PXD,0.01063800,0.00200000,0.00863800,0.02624734,0.00798380,-0.02508598,0.01506100
75241,20040609,PXD,0.00606100,-0.00900000,0.01506100,0.04331650,0.03829930,0.00544194,0.01909600
75241,20040610,PXD,0.02409600,0.00500000,0.01909600,0.03154829,0.04315655,0.03198102,-0.00238400
75241,20040614,PXD,-0.01238400,-0.01000000,-0.00238400,0.04093137,0.06542086,0.05094603,0.02409400
75241,20040615,PXD,0.03009400,0.00600000,0.02409400,0.04857446,0.08428920,0.06644705,0.02669300
75241,20040616,PXD,0.02769300,0.00100000,0.02669300,0.06327961,0.08056423,0.08974775,0.01106800
75241,20040617,PXD,0.01006800,-0.00100000,0.01106800,0.04325793,0.06546937,0.10747785,0.00491600
75241,20040618,PXD,0.00791600,0.00300000,0.00491600,0.01385637,0.06617921,0.11265662,-0.00210800
75241,20040621,PXD,-0.00610800,-0.00400000,-0.00210800,0.01138184,0.04996916,0.11854914,0.00858400
75241,20040622,PXD,0.01258400,0.00400000,0.00858400,0.00672354,0.02305603,0.11005206,0.00024900
75241,20040623,PXD,0.00924900,0.00900000,0.00024900,0.00200287,0.00480572,0.08648458,-0.00673600
75241,20040624,PXD,-0.00973600,-0.00300000,-0.00673600,0.01061885,0.01710803,0.08373978,0.01714600
75241,20040625,PXD,0.01214600,-0.00500000,0.01714600,-0.01192727,-0.00335564,0.06284565,-0.02214300
75241,20040628,PXD,-0.02314300,-0.00100000,-0.02214300,0.00908597,0.00255046,0.05280168,0.01454900
75241,20040629,PXD,0.01754900,0.00300000,0.01454900,-0.00371913,0.00661081,0.02984521,0.00433600
75241,20040630,PXD,0.00833600,0.00400000,0.00433600,0.02060723,0.01510787,0.02007836,0.00173300
75241,20040701,PXD,-0.00826700,-0.01000000,0.00173300,0.01649498,0.00847104,0.02561135,0.01047300
75241,20040702,PXD,0.00747300,-0.00300000,0.01047300,0.01829994,0.03739875,0.03411201,0.00628800
75241,20040706,PXD,-0.00171200,-0.00800000,0.00628800,0.02078264,0.02676838,0.02942765,0.00400200
75241,20040707,PXD,0.00600200,0.00200000,0.00400200,0.01539442,0.02732628,0.03388544,0.00515900
75241,20040708,PXD,-0.00284100,-0.00800000,0.00515900,0.01046542,0.02719904,0.04226093,0.00127400
75241,20040709,PXD,0.00427400,0.00300000,0.00127400,0.00516543,0.01544174,0.02384994,-0.00128400
75241,20040712,PXD,-0.00028400,0.00100000,-0.00128400,-0.01098994,-0.00181868,0.03549866,-0.01093200
75241,20040713,PXD,-0.00993200,0.00100000,-0.01093200,-0.00552029,0.00091025,0.02752811,0.00672600
75241,20040714,PXD,0.00372600,-0.00300000,0.00672600,-0.00081546,-0.00083291,0.02643780,0.00342900
75241,20040715,PXD,-0.00057100,-0.00400000,0.00342900,0.05437233,0.04174874,0.06922846,0.04414300
75241,20040716,PXD,0.03914300,-0.00500000,0.04414300,0.06180764,0.05721984,0.07280245,0.01374800
75241,20040719,PXD,0.01374800,-0.00000000,0.01374800,0.05289264,0.06322022,0.06123004,-0.00564400
75241,20040720,PXD,0.00135600,0.00700000,-0.00564400,0.01379013,0.06156184,0.06214362,0.00568700
75241,20040721,PXD,-0.00731300,-0.01300000,0.00568700,-0.00692620,0.05095122,0.04997989,-0.00709300
75241,20040722,PXD,-0.00409300,0.00300000,-0.00709300,-0.00795937,-0.00011897,0.04108000,-0.00671200
75241,20040723,PXD,-0.01671200,-0.01000000,-0.00671200,-0.04309830,-0.04271814,0.01166451,-0.03004200
75241,20040726,PXD,-0.03204200,-0.00200000,-0.03004200,-0.02146094,-0.02255107,0.03859097,0.01590700
75241,20040727,PXD,0.02590700,0.01000000,0.01590700,-0.01010214,-0.02372249,0.03685183,0.00489200
75241,20040728,PXD,0.00589200,0.00100000,0.00489200,0.01962849,-0.01813873,0.03223344,-0.00137400
75241,20040729,PXD,0.00362600,0.00500000,-0.00137400,0.00449283,-0.01058836,-0.01056938,0.00094600
75241,20040730,PXD,0.00194600,0.00100000,0.00094600,-0.02648626,-0.00618083,-0.04944536,-0.02591400
75241,20040802,PXD,-0.02191400,0.00400000,-0.02591400,-0.00453181,-0.00104431,-0.02367132,0.02074800
75241,20040803,PXD,0.01474800,-0.00600000,0.02074800,-0.05356573,-0.05428931,-0.07689713,-0.04846900
75241,20040804,PXD,-0.04946900,-0.00100000,-0.04846900,-0.05964723,-0.08289593,-0.09952736,-0.03280900
75241,20040805,PXD,-0.04880900,-0.01600000,-0.03280900,-0.07391614,-0.07865434,-0.08923668,0.00418100
75241,20040806,PXD,-0.01081900,-0.01500000,0.00418100,0.00567996,-0.02213027,-0.02841629,0.03618700
75241,20040809,PXD,0.03718700,0.00100000,0.03618700,0.01510664,-0.06512660,-0.06640780,-0.02475100
75241,20040810,PXD,-0.01175100,0.01300000,-0.02475100,0.00621546,-0.02280278,-0.07482910,-0.00462200
75241,20040811,PXD,-0.00762200,-0.00300000,-0.00462200,-0.05177358,-0.01322364,-0.09344725,-0.02333000
75241,20040812,PXD,-0.03533000,-0.01200000,-0.02333000,-0.00339899,0.00734840,-0.07211875,0.02543300
75241,20040813,PXD,0.02643300,0.00100000,0.02543300,-0.01204994,-0.04114487,-0.06114345,-0.01337900
75241,20040816,PXD,0.00062100,0.01400000,-0.01337900,-0.02341312,-0.05060490,-0.11163561,-0.03455800
75241,20040817,PXD,-0.03255800,0.00200000,-0.03455800,-0.04063087,-0.03901701,-0.06053013,0.00819200
75241,20040818,PXD,0.02019200,0.01200000,0.00819200,-0.02547151,-0.01398460,-0.02712988,0.00148700
75241,20040819,PXD,-0.00251300,-0.00400000,0.00148700,0.03627473,-0.01358997,-0.00610940,0.02607100
75241,20040820,PXD,0.03307100,0.00700000,0.02607100,0.01537081,-0.01190285,-0.05332793,-0.01172000
75241,20040823,PXD,-0.01372000,-0.00200000,-0.01172000,0.00036814,0.01009921,-0.04165506,-0.01329200
75241,20040824,PXD,-0.01329200,0.00000000,-0.01329200,-0.02763053,-0.00080501,-0.04015434,-0.00267400
75241,20040825,PXD,0.00532600,0.00800000,-0.00267400,-0.00336251,0.01059658,-0.00345206,0.01277700
75241,20040826,PXD,0.01277700,0.00000000,0.01277700,0.03447072,0.00846754,-0.00508134,0.02384600
75241,20040827,PXD,0.02584600,0.00200000,0.02384600,0.02315542,0.00702901,-0.00487509,-0.01299600
75241,20040830,PXD,-0.02099600,-0.00800000,-0.01299600,0.03027642,0.04098697,0.05210218,0.01981600
75241,20040831,PXD,0.02481600,0.00500000,0.01981600,0.03583866,0.07414927,0.07394920,0.02939000
75241,20040901,PXD,0.03139000,0.00200000,0.02939000,0.03246397,0.04311394,0.05485573,-0.01708700
75241,20040902,PXD,-0.00608700,0.01100000,-0.01708700,0.01644124,0.02289138,0.03178577,0.00429200
75241,20040903,PXD,0.00029200,-0.00400000,0.00429200,-0.06038093,-0.01314686,-0.00608731,-0.04781600
75241,20040907,PXD,-0.04081600,0.00700000,-0.04781600,-0.05407797,-0.04335868,-0.00395944,-0.01119800
75241,20040908,PXD,-0.01519800,-0.00400000,-0.01119800,-0.04491967,-0.05747563,0.01324462,0.01435800
75241,20040909,PXD,0.01635800,0.00200000,0.01435800,-0.02030712,-0.06312163,-0.02322711,-0.02322000
75241,20040910,PXD,-0.01822000,0.00500000,-0.02322000,-0.02075230,-0.07849508,-0.05758867,-0.01158900
75241,20040913,PXD,-0.00958900,0.00200000,-0.01158900,-0.03908722,-0.03617705,-0.04970409,-0.00449800
75241,20040914,PXD,-0.00249800,0.00200000,-0.00449800,-0.01986475,-0.02896412,-0.07158551,-0.00395800
75241,20040915,PXD,-0.01095800,-0.00700000,-0.00395800,-0.01264854,-0.04687299,-0.10250103,-0.00426600
75241,20040916,PXD,-0.00126600,0.00300000,-0.00426600,0.00035022,-0.01572039,-0.07819384,0.00867800
75241,20040917,PXD,0.01267800,0.00400000,0.00867800,0.01200887,0.00342489,-0.07498003,0.00756500
75241,20040920,PXD,0.00156500,-0.00600000,0.00756500,0.05879290,0.04985344,0.01222435,0.04181200
75241,20040921,PXD,0.04781200,0.00600000,0.04181200,0.06442651,0.06948319,0.03898831,0.01489500
75241,20040922,PXD,0.00089500,-0.01400000,0.01489500,0.05054341,0.06733874,0.01834886,-0.00572700
75241,20040923,PXD,-0.01072700,-0.00500000,-0.00572700,0.02114404,0.07083768,0.05455199,0.01215700
75241,20040924,PXD,0.01415700,0.00200000,0.01215700,0.02508303,0.08262853,0.08594362,0.01877100
75241,20040927,PXD,0.01277100,-0.00600000,0.01877100,0.04629106,0.05494176,0.10668255,0.01458800
75241,20040928,PXD,0.02058800,0.00600000,0.01458800,0.00314778,0.00947125,0.07961053,-0.02964800
75241,20040929,PXD,-0.02564800,0.00400000,-0.02964800,0.00409427,0.03563809,0.10524275,0.01981700
75241,20040930,PXD,0.01981700,-0.00000000,0.01981700,-0.01329538,0.02055704,0.09384897,-0.00281900
75241,20041001,PXD,0.01218100,0.01500000,-0.00281900,0.02395532,0.00792775,0.09341079,0.00645600
75241,20041004,PXD,0.00945600,0.00300000,0.00645600,0.00965524,-0.00092123,0.05514458,0.00582500
75241,20041005,PXD,0.00482500,-0.00100000,0.00582500,0.02021509,0.03826160,0.04835997,0.00768900
75241,20041006,PXD,0.01468900,0.00700000,0.00768900,0.01797470,0.02205787,0.05910932,0.00443200
75241,20041007,PXD,-0.00556800,-0.01000000,0.00443200,-0.00449154,0.00763755,0.02831043,-0.01635600
75241,20041008,PXD,-0.02435600,-0.00800000,-0.01635600,-0.02830908,-0.01548853,-0.00820086,-0.01692100
75241,20041011,PXD,-0.01492100,0.00200000,-0.01692100,-0.04322789,-0.03160638,-0.03315505,-0.01081700
75241,20041012,PXD,-0.01281700,-0.00200000,-0.01081700,-0.05038542,-0.06066981,-0.02714330,-0.02368800
75241,20041013,PXD,-0.03068800,-0.00700000,-0.02368800,-0.01734188,-0.04897557,-0.02920426,0.01721900
75241,20041014,PXD,0.00821900,-0.00900000,0.01721900,-0.03137514,-0.05772311,-0.05009453,-0.02513500
75241,20041015,PXD,-0.02113500,0.00400000,-0.02513500,-0.03707746,-0.06960258,-0.08317284,-0.02936800
75241,20041018,PXD,-0.02436800,0.00500000,-0.02936800,-0.05448491,-0.06002386,-0.08853288,-0.00106500
75241,20041019,PXD,-0.01106500,-0.01000000,-0.00106500,-0.01006409,-0.01794531,-0.07647099,0.02078000
75241,20041020,PXD,0.02078000,0.00000000,0.02078000,0.04560130,-0.01007843,-0.05841475,0.02581300
75241,20041021,PXD,0.02881300,0.00300000,0.02581300,0.06201680,0.02993441,-0.02918072,0.01456600
75241,20041022,PXD,0.00456600,-0.01000000,0.01456600,0.04247288,0.06220443,-0.01104163,0.00190900
75241,20041025,PXD,0.00090900,-0.00100000,0.00190900,0.02355136,0.07210659,0.00611794,0.00679800
75241,20041026,PXD,0.02179800,0.01500000,0.00679800,-0.04080411,-0.00052963,-0.01881804,-0.04855600
75241,20041027,PXD,-0.03555600,0.01300000,-0.04855600,-0.05659230,-0.03993511,-0.04987877,-0.01398200
75241,20041028,PXD,-0.01198200,0.00200000,-0.01398200,-0.05705664,-0.04946245,-0.01947659,0.00546300
75241,20041029,PXD,0.00746300,0.00200000,0.00546300,-0.00554067,-0.04835928,0.01371462,0.00308600
75241,20041101,PXD,0.00308600,0.00000000,0.00308600,-0.00200058,-0.06416860,0.00410088,-0.01046200
75241,20041102,PXD,-0.01046200,0.00000000,-0.01046200,0.00350507,-0.00521823,-0.00585715,0.01107700
75241,20041103,PXD,0.02207700,0.01100000,0.01107700,-0.00256111,0.00621678,-0.03501625,-0.00291800
75241,20041104,PXD,0.01308200,0.01600000,-0.00291800,0.00727253,-0.00042141,-0.05142362,-0.00099700
75241,20041105,PXD,0.00300300,0.00400000,-0.00099700,-0.01508872,-0.01486921,-0.06445291,-0.01097600
75241,20041108,PXD,-0.01197600,-0.00100000,-0.01097600,-0.01790914,-0.01025576,-0.07581640,-0.00597000
75241,20041109,PXD,-0.00697000,-0.00100000,-0.00597000,-0.00149389,-0.00544584,-0.01080635,0.01564800
75241,20041110,PXD,0.01464800,-0.00100000,0.01564800,-0.00152805,-0.01360304,-0.00780629,-0.01110500
75241,20041111,PXD,-0.00210500,0.00900000,-0.01110500,0.01803135,0.00053995,0.00012887,0.01330300
75241,20041112,PXD,0.02230300,0.00900000,0.01330300,-0.02259199,-0.01301517,-0.02832319,-0.02417500
75241,20041115,PXD,-0.02417500,-0.00000000,-0.02417500,-0.00917043,-0.00475525,-0.01520318,0.00216600
75241,20041116,PXD,-0.00483400,-0.00700000,0.00216600,-0.01576276,-0.01401240,-0.01971292,0.00644700
75241,20041117,PXD,0.01244700,0.00600000,0.00644700,0.02723303,0.01575673,0.00197508,0.01849000
75241,20041118,PXD,0.01949000,0.00100000,0.01849000,0.05173323,0.02843557,0.02941230,0.02600000
75241,20041119,PXD,0.01500000,-0.01100000,0.02600000,0.05744423,0.06643793,0.05369060,0.01196600
75241,20041122,PXD,0.01796600,0.00600000,0.01196600,0.04359571,0.07004459,0.06564368,0.00512400
75241,20041123,PXD,0.00512400,-0.00000000,0.00512400,0.02532876,0.07145203,0.05765577,0.00789500
75241,20041124,PXD,0.01189500,0.00400000,0.00789500,0.01634552,0.05538188,0.07250591,0.00319800
75241,20041126,PXD,0.00419800,0.00100000,0.00319800,0.00650737,0.02387442,0.05295275,-0.00452500
75241,20041129,PXD,-0.00752500,-0.00300000,-0.00452500,-0.00883903,0.00401150,0.07056132,-0.00751400
75241,20041130,PXD,-0.01151400,-0.00400000,-0.00751400,-0.04330287,-0.03277499,0.03581859,-0.03176100
75241,20041201,PXD,-0.01676100,0.01500000,-0.03176100,-0.05457935,-0.05576519,0.01227209,-0.01604700
75241,20041202,PXD,-0.01704700,-0.00100000,-0.01604700,-0.03516937,-0.04664664,0.00659379,0.01281500
75241,20041203,PXD,0.01381500,0.00100000,0.01281500,-0.01229035,-0.05092816,-0.02844007,-0.00885800
75241,20041206,PXD,-0.00985800,-0.00100000,-0.00885800,0.00600318,-0.04118271,-0.03724191,0.00221500
75241,20041207,PXD,-0.00878500,-0.01100000,0.00221500,-0.00976741,-0.01317561,-0.04545834,-0.00322700
75241,20041208,PXD,0.00177300,0.00500000,-0.00322700,0.00137789,0.00520079,-0.05075273,0.00237200
75241,20041209,PXD,0.00737200,0.00500000,0.00237200,-0.00901498,-0.01547436,-0.06137774,-0.00807500
75241,20041210,PXD,-0.00907500,-0.00100000,-0.00807500,0.00820148,0.00715857,-0.04441435,0.01404300
75241,20041213,PXD,0.02304300,0.00900000,0.01404300,0.00232207,0.00146601,-0.04068588,-0.00342200
75241,20041214,PXD,0.00057800,0.00400000,-0.00342200,0.01418508,0.00830828,-0.00528725,0.00348300
75241,20041215,PXD,0.00548300,0.00200000,0.00348300,-0.01092604,-0.00528534,-0.00004379,-0.01091600
75241,20041216,PXD,-0.01291600,-0.00200000,-0.01091600,0.00151994,0.01208014,-0.00371031,0.00903500
75241,20041217,PXD,0.00203500,-0.00700000,0.00903500,0.00381935,0.00389833,0.01108998,0.00580400
75241,20041220,PXD,0.00580400,0.00000000,0.00580400,0.01754548,0.00989947,0.01160229,0.00254100
75241,20041221,PXD,0.01154100,0.00900000,0.00254100,-0.00999524,-0.01183061,-0.00382243,-0.01811700
75241,20041222,PXD,-0.01511700,0.00300000,-0.01811700,-0.01116077,0.00378103,-0.00150498,0.00463400
75241,20041223,PXD,0.00463400,0.00000000,0.00463400,-0.01524521,-0.00710718,0.00494126,-0.00176500
75241,20041227,PXD,-0.00576500,-0.00400000,-0.00176500,0.00195225,-0.01387937,-0.00993446,-0.00091100
75241,20041228,PXD,0.00608900,0.00700000,-0.00091100,0.00279351,-0.01082929,-0.00099874,0.00547500
75241,20041229,PXD,0.00547500,-0.00000000,0.00547500,0.00952694,0.01237810,0.00040219,0.00487300
75241,20041230,PXD,0.00487300,0.00000000,0.00487300,0.01252754,0.00985073,0.01372513,0.00214100
75241,20041231,PXD,0.00114100,-0.00100000,0.00214100,-0.01278978,-0.00838206,-0.01548194,-0.01963500
75241,20050103,PXD,-0.02763500,-0.00800000,-0.01963500,-0.01191645,-0.00188199,-0.01547368,0.00555400
75241,20050104,PXD,-0.00644600,-0.01200000,0.00555400,-0.03173059,-0.02506929,-0.03550846,-0.01841200
75241,20050105,PXD,-0.02241200,-0.00400000,-0.01841200,-0.00556375,-0.02273904,-0.01096868,0.00746300
75241,20050106,PXD,0.01146300,0.00400000,0.00746300,-0.01667730,-0.03009647,-0.02080736,-0.00556100
75241,20050107,PXD,-0.00656100,-0.00100000,-0.00556100,0.00756988,-0.00548561,-0.01372624,0.00570600
75241,20050110,PXD,0.00870600,0.00300000,0.00570600,0.01445317,0.00314633,0.00120030,0.01433300
75241,20050111,PXD,0.00833300,-0.00600000,0.01433300,0.01374017,0.01563916,-0.01030954,-0.00636100
75241,20050112,PXD,-0.00236100,0.00400000,-0.00636100,0.03422031,0.03438160,0.01034754,0.02616000
75241,20050113,PXD,0.01716000,-0.00900000,0.02616000,0.04658732,0.06753274,0.03405516,0.02628600
75241,20050114,PXD,0.03228600,0.00600000,0.02628600,0.06527424,0.07369426,0.06703753,0.01113300
75241,20050118,PXD,0.02113300,0.01000000,0.01113300,0.03118770,0.05157947,0.05468597,-0.00617700
75241,20050119,PXD,-0.01517700,-0.00900000,-0.00617700,0.01132361,0.06456735,0.08131412,0.00659900
75241,20050120,PXD,-0.00140100,-0.00800000,0.00659900,0.00930456,0.04698086,0.08230822,0.00908600
75241,20050121,PXD,0.00308600,-0.00600000,0.00908600,0.03050413,0.03531668,0.10401252,0.01490900
75241,20050124,PXD,0.01090900,-0.00400000,0.01490900,0.01471378,0.01483920,0.08801607,-0.00925700
75241,20050125,PXD,-0.00525700,0.00400000,-0.00925700,0.00984110,0.02556818,0.07804745,0.00417900
75241,20050126,PXD,0.00917900,0.00500000,0.00417900,0.05683491,0.08185333,0.15080905,0.06174200
75241,20050127,PXD,0.06174200,0.00000000,0.06174200,0.05336928,0.05928966,0.10872558,-0.01205700
75241,20050128,PXD,-0.01505700,-0.00300000,-0.01205700,0.05318294,0.04821714,0.08491275,0.00386100
75241,20050131,PXD,0.01186100,0.00800000,0.00386100,-0.00344392,0.06359613,0.07817970,0.00498200
75241,20050201,PXD,0.01198200,0.00700000,0.00498200,0.02222568,0.07288044,0.10003809,0.01295900
75241,20050202,PXD,0.01595900,0.00300000,0.01295900,0.02009982,0.01162297,0.09539790,0.00198700
75241,20050203,PXD,-0.00101300,-0.00300000,0.00198700,0.01114602,0.02044056,0.08253650,-0.00389900
75241,20050204,PXD,0.00710100,0.01100000,-0.00389900,-0.01455985,0.00326781,0.05251049,-0.01259900
75241,20050207,PXD,-0.01359900,-0.00100000,-0.01259900,-0.01734446,-0.00251531,0.06151260,-0.00076600
75241,20050208,PXD,-0.00076600,0.00000000,-0.00076600,-0.01871753,-0.02069864,0.05020852,-0.00556300
75241,20050209,PXD,-0.01456300,-0.00900000,-0.00556300,-0.00058065,-0.01707685,-0.00580033,0.00585200
75241,20050210,PXD,0.00985200,0.00400000,0.00585200,-0.00320652,-0.01654080,0.00314702,-0.00340600
75241,20050211,PXD,0.00359400,0.00700000,-0.00340600,0.00299826,-0.00344157,-0.00023411,0.00053500
75241,20050214,PXD,0.00153500,0.00100000,0.00053500,0.00077869,0.00095852,-0.00156458,0.00364100
75241,20050215,PXD,0.00664100,0.00300000,0.00364100,0.02695109,0.02977784,0.00808817,0.02258300
75241,20050216,PXD,0.02258300,0.00000000,0.02258300,0.01779522,0.01502862,-0.00228144,-0.00812900
75241,20050217,PXD,-0.01612900,-0.00800000,-0.00812900,0.02476934,0.02912601,0.01218060,0.01060100
75241,20050218,PXD,0.01160100,0.00100000,0.01060100,0.02314246,0.04961858,0.04621693,0.02098300
75241,20050222,PXD,0.00598300,-0.01500000,0.02098300,0.03710126,0.05130285,0.05259989,0.00515200
75241,20050223,PXD,0.01115200,0.00600000,0.00515200,0.05476395,0.05679587,0.08887812,0.02778400
75241,20050224,PXD,0.03578400,0.00800000,0.02778400,0.03506550,0.06808673,0.08447174,0.00141200
75241,20050225,PXD,0.01041200,0.00900000,0.00141200,0.02260900,0.04957801,0.08004950,-0.00641200
75241,20050228,PXD,-0.01241200,-0.00600000,-0.00641200,-0.01535185,0.01750688,0.06881010,-0.01026800
75241,20050301,PXD,-0.00426800,0.00600000,-0.01026800,0.00940439,0.03933789,0.09290210,0.02643500
75241,20050302,PXD,0.02643500,-0.00000000,0.02643500,0.02553989,0.02037982,0.07867594,0.00928100
75241,20050303,PXD,0.00928100,0.00000000,0.00928100,0.05573079,0.03804716,0.10973892,0.01873600
75241,20050304,PXD,0.02873600,0.01000000,0.01873600,0.01666919,0.03330017,0.08553575,-0.01126800
75241,20050307,PXD,-0.00826800,0.00300000,-0.01126800,-0.01187208,0.02394881,0.04256852,-0.01865900
75241,20050308,PXD,-0.02365900,-0.00500000,-0.01865900,-0.03984850,-0.01342956,0.02506807,-0.01077100
75241,20050309,PXD,-0.02077100,-0.01000000,-0.01077100,-0.04357680,-0.03735144,-0.01807007,-0.01519800
75241,20050310,PXD,-0.01319800,0.00200000,-0.01519800,-0.00666132,-0.03569219,-0.00004117,0.01946400
75241,20050311,PXD,0.01146400,-0.00800000,0.01946400,0.02126417,-0.00865724,0.02368966,0.01714100
75241,20050314,PXD,0.02314100,0.00600000,0.01714100,0.03272149,0.00620161,0.02991795,-0.00377000
75241,20050315,PXD,-0.01177000,-0.00800000,-0.00377000,0.00837932,0.01245280,-0.00095562,-0.00461100
75241,20050316,PXD,-0.01261100,-0.00800000,-0.00461100,0.01096807,0.04775314,0.00920952,0.01976000
75241,20050317,PXD,0.02176000,0.00200000,0.01976000,0.02376468,0.03709597,-0.00029834,0.00879600
75241,20050318,PXD,0.00879600,-0.00000000,0.00879600,0.02216766,0.01335894,0.00454925,-0.00624400
75241,20050321,PXD,-0.01124400,-0.00500000,-0.00624400,0.00244947,0.01713923,0.02300965,0.00002100
75241,20050322,PXD,-0.00997900,-0.01000000,0.00002100,-0.03766473,-0.01047688,0.00186361,-0.03217700
75241,20050323,PXD,-0.03117700,0.00100000,-0.03217700,-0.01529506,-0.01282757,0.03380414,0.01721100
75241,20050324,PXD,0.01621100,-0.00100000,0.01721100,-0.03083146,-0.03635371,-0.00079515,-0.01557100
75241,20050328,PXD,-0.01357100,0.00200000,-0.01557100,-0.00750688,-0.03881203,-0.02545127,-0.00889600
75241,20050329,PXD,-0.01689600,-0.00800000,-0.00889600,-0.01999812,-0.03528135,-0.01787490,0.00470500
75241,20050330,PXD,0.01870500,0.01400000,0.00470500,0.02879175,0.03029039,0.01907123,0.03313300
75241,20050331,PXD,0.03213300,-0.00100000,0.03313300,0.07898757,0.05221014,0.03792134,0.03877100
75241,20050401,PXD,0.03277100,-0.00600000,0.03877100,0.07746130,0.07319952,0.03316730,0.00402600
75241,20050404,PXD,0.00702600,0.00300000,0.00402600,0.04069631,0.08127995,0.03747417,-0.00242400
75241,20050405,PXD,0.00157600,0.00400000,-0.00242400,0.01001304,0.08428289,0.04662420,0.00833700
75241,20050406,PXD,0.01033700,0.00200000,0.00833700,-0.01114380,0.03197373,0.06369309,-0.01689900
75241,20050407,PXD,-0.01089900,0.00600000,-0.01689900,-0.02601543,-0.02463858,0.02662758,-0.01741000
75241,20050408,PXD,-0.02541000,-0.00800000,-0.01741000,-0.02264105,-0.01700195,0.05521055,0.01176700
75241,20050411,PXD,0.01176700,0.00000000,0.01176700,-0.03100777,-0.03965575,0.03833048,-0.02538400
75241,20050412,PXD,-0.01938400,0.00600000,-0.02538400,-0.02761475,-0.06039747,0.01799271,-0.01404600
75241,20050413,PXD,-0.02604600,-0.01200000,-0.01404600,-0.01021350,-0.01591792,0.01464013,0.02958000
75241,20050414,PXD,0.01958000,-0.01000000,0.02958000,-0.00335183,-0.01663752,-0.04017532,-0.01812900
75241,20050415,PXD,-0.03512900,-0.01700000,-0.01812900,0.03274489,-0.00665033,-0.02305817,0.02248500
75241,20050418,PXD,0.02548500,0.00300000,0.02248500,0.01867351,0.03332605,-0.00626983,0.01530200
75241,20050419,PXD,0.02130200,0.00600000,0.01530200,0.02837109,0.03846018,-0.02271060,-0.00901600
75241,20050420,PXD,-0.02201600,-0.01300000,-0.00901600,0.00899542,0.01245726,-0.00393339,0.00298600
75241,20050421,PXD,0.02298600,0.02000000,0.00298600,0.00192978,0.04032119,0.02154787,0.00815800
75241,20050422,PXD,0.00115800,-0.00700000,0.00815800,0.02352232,0.02951902,0.02169358,0.01182400
75241,20050425,PXD,0.02082400,0.00900000,0.01182400,0.01518835,0.00896387,0.04230826,-0.00459900
75241,20050426,PXD,-0.01359900,-0.00900000,-0.00459900,-0.01780034,-0.00687554,0.03217935,-0.02468000
75241,20050427,PXD,-0.02068000,0.00400000,-0.02468000,-0.04226959,-0.02345134,-0.01142754,-0.01410600
75241,20050428,PXD,-0.02510600,-0.01100000,-0.01410600,-0.07058863,-0.06402157,-0.02664618,-0.03342000
75241,20050429,PXD,-0.02142000,0.01200000,-0.03342000,-0.04857590,-0.07605621,-0.04987971,-0.00155700
75241,20050502,PXD,0.00344300,0.00500000,-0.00155700,-0.07837762,-0.11366572,-0.10559694,-0.04409800
75241,20050503,PXD,-0.04509800,-0.00100000,-0.04409800,-0.06473971,-0.10937038,-0.11745090,-0.01918700
75241,20050504,PXD,-0.00718700,0.01200000,-0.01918700,-0.06555291,-0.09975964,-0.12005722,-0.00294600
75241,20050505,PXD,-0.00594600,-0.00300000,-0.00294600,-0.02848854,-0.07346709,-0.13390418,-0.00654200
75241,20050506,PXD,-0.00754200,-0.00100000,-0.00654200,-0.00921774,-0.07181223,-0.14345248,0.00028900
75241,20050509,PXD,0.00628900,0.00600000,0.00028900,-0.01032394,-0.03210933,-0.14273444,-0.00410400
75241,20050510,PXD,-0.01510400,-0.01100000,-0.00410400,0.00134780,-0.00810620,-0.11617172,0.00525400
75241,20050511,PXD,0.00925400,0.00400000,0.00525400,-0.01479787,-0.02096629,-0.11795813,-0.01593700
75241,20050512,PXD,-0.02593700,-0.01000000,-0.01593700,-0.00406206,-0.00782759,-0.07963645,0.00688300
75241,20050513,PXD,0.00188300,-0.00500000,0.00688300,0.00247904,0.00351305,-0.06763635,0.01201300
75241,20050516,PXD,0.02201300,0.01000000,0.01201300,0.03212541,0.02056830,-0.01233142,0.01270100
75241,20050517,PXD,0.01970100,0.00700000,0.01270100,0.03128334,0.02112715,0.01264605,0.00571400
75241,20050518,PXD,0.01571400,0.01000000,0.00571400,0.02670336,0.04675068,0.02366960,0.00768100
75241,20050519,PXD,0.01268100,0.00500000,0.00768100,-0.00194255,0.02337976,0.01475735,-0.01503000
75241,20050520,PXD,-0.01703000,-0.00200000,-0.01503000,-0.01156688,0.00680519,0.01034474,-0.00400000
75241,20050523,PXD,0.00000000,0.00400000,-0.00400000,-0.00299362,0.01049210,0.03168895,0.01630600
75241,20050524,PXD,0.01630600,0.00000000,0.01630600,0.01633750,0.00870048,0.03019894,0.00400300
75241,20050525,PXD,0.00100300,-0.00300000,0.00400300,0.01434340,-0.00497956,0.04163562,-0.00600000
75241,20050526,PXD,0.00000000,0.00600000,-0.00600000,0.00579175,0.01824133,0.04278756,0.00776500
75241,20050527,PXD,0.00876500,0.00100000,0.00776500,0.00404429,0.02445940,0.03200888,0.00227600
75241,20050531,PXD,-0.00372400,-0.00600000,0.00227600,0.01808928,0.01612061,0.02712990,0.00794500
75241,20050601,PXD,0.01694500,0.00900000,0.00794500,0.01093652,0.01279998,0.02176713,0.00069500
75241,20050602,PXD,0.00269500,0.00200000,0.00069500,0.01998061,0.03013445,0.02516030,0.01115400
75241,20050603,PXD,0.00415400,-0.00700000,0.01115400,0.01700485,0.02739952,0.04634008,0.00508400
75241,20050606,PXD,0.00608400,0.00100000,0.00508400,-0.01109984,-0.00270270,0.02181705,-0.02709200
75241,20050607,PXD,-0.02709200,-0.00000000,-0.02709200,-0.00508234,0.00674508,0.02292436,0.01741500
75241,20050608,PXD,0.01541500,-0.00200000,0.01741500,0.00523458,0.02160714,0.03490397,0.01556800
75241,20050609,PXD,0.02056800,0.00500000,0.01556800,0.03556463,0.01261692,0.04317770,0.00224000
75241,20050610,PXD,0.00024000,-0.00200000,0.00224000,0.02316266,0.01273741,0.04055392,0.00519600
75241,20050613,PXD,0.00719600,0.00200000,0.00519600,0.00180217,0.03527738,0.03263757,-0.00562000
75241,20050614,PXD,-0.00262000,0.00300000,-0.00562000,-0.00245887,0.01543790,0.02226194,-0.00200000
75241,20050615,PXD,0.00000000,0.00200000,-0.00200000,0.00026182,0.00777258,0.02971901,0.00793900
75241,20050616,PXD,0.01193900,0.00400000,0.00793900,0.01188468,0.01148501,0.02447276,0.00585400
75241,20050617,PXD,0.01085400,0.00500000,0.00585400,0.01992608,0.01218680,0.02528214,0.00590200
75241,20050620,PXD,0.00490200,-0.00100000,0.00590200,-0.00670633,-0.00084349,0.03468155,-0.01820900
75241,20050621,PXD,-0.02020900,-0.00200000,-0.01820900,-0.01357486,-0.00002501,0.01550480,-0.00118500
75241,20050622,PXD,-0.00118500,0.00000000,-0.00118500,-0.00978570,0.00172048,0.00945173,0.00957600
75241,20050623,PXD,-0.00142400,-0.01100000,0.00957600,0.01346008,0.00107926,0.01234306,0.00514800
75241,20050624,PXD,-0.00285200,-0.00800000,0.00514800,0.03104984,0.01140154,0.02360984,0.01649500
75241,20050627,PXD,0.01549500,-0.00100000,0.01649500,-0.00515612,0.00324936,0.00243849,-0.02660600
75241,20050628,PXD,-0.01760600,0.00900000,-0.02660600,-0.00102379,0.01372283,0.01378005,0.00936300
75241,20050629,PXD,0.00836300,-0.00100000,0.00936300,-0.01314251,0.00830283,0.00994870,0.00415600
75241,20050630,PXD,-0.00284400,-0.00700000,0.00415600,0.03894657,0.02853094,0.02902067,0.02527900
75241,20050701,PXD,0.02827900,0.00300000,0.02527900,0.04718887,0.02927864,0.04052208,0.01711500
75241,20050705,PXD,0.02611500,0.00900000,0.01711500,0.03860652,0.05235995,0.05518642,-0.00393700
75241,20050706,PXD,-0.01193700,-0.00800000,-0.00393700,-0.00108091,0.02835330,0.04210812,-0.01385300
75241,20050707,PXD,-0.01185300,0.00200000,-0.01385300,-0.04847900,-0.00779151,0.00065900,-0.03137700
75241,20050708,PXD,-0.01937700,0.01200000,-0.03137700,-0.04700572,-0.03445909,-0.00641169,-0.00176600
75241,20050711,PXD,0.00423400,0.00600000,-0.00176600,-0.01895446,-0.03649325,-0.00834746,0.01463200
75241,20050712,PXD,0.01663200,0.00200000,0.01463200,0.01779681,-0.02818526,0.02402751,0.00476000
75241,20050713,PXD,0.00576000,0.00100000,0.00476000,-0.01186770,-0.04518425,-0.01737632,-0.03072100
75241,20050714,PXD,-0.02772100,0.00300000,-0.03072100,-0.03104523,-0.01870617,-0.02679058,-0.00500600
75241,20050715,PXD,-0.00400600,0.00100000,-0.00500600,-0.03051111,-0.01175092,-0.04608609,0.00505400
75241,20050718,PXD,-0.00094600,-0.00600000,0.00505400,0.00298956,-0.02325152,-0.05943896,0.00294600
75241,20050719,PXD,0.00994600,0.00700000,0.00294600,0.00231852,-0.03358620,-0.06188459,-0.00570300
75241,20050720,PXD,-0.00070300,0.00500000,-0.00570300,-0.01086938,-0.01075760,-0.05571240,-0.00801600
75241,20050721,PXD,-0.01501600,-0.00700000,-0.00801600,0.01017649,0.01832433,-0.00055857,0.02430000
75241,20050722,PXD,0.02930000,0.00500000,0.02430000,0.01564721,0.01300965,0.00104879,-0.00016600
75241,20050725,PXD,-0.00416600,-0.00400000,-0.00016600,0.02322110,0.00914215,-0.01428924,-0.00083800
75241,20050726,PXD,0.00116200,0.00200000,-0.00083800,-0.00784211,0.00797569,-0.02583030,-0.00685700
75241,20050727,PXD,-0.00185700,0.00500000,-0.00685700,-0.01096006,0.01311139,0.00206061,-0.00320900
75241,20050728,PXD,0.00279100,0.00600000,-0.00320900,0.00286168,0.00184937,0.02023182,0.01287000
75241,20050729,PXD,0.00487000,-0.00800000,0.01287000,0.02430634,0.01659043,0.02999183,0.01446300
75241,20050801,PXD,0.01546300,0.00100000,0.01446300,-0.01292949,-0.02304208,-0.01403195,-0.03972700
75241,20050802,PXD,-0.03272700,0.00700000,-0.03972700,-0.07663525,-0.06741308,-0.05998306,-0.05175200
75241,20050803,PXD,-0.05075200,0.00100000,-0.05175200,-0.07845071,-0.05260937,-0.04100615,0.01170300
75241,20050804,PXD,0.00470300,-0.00700000,0.01170300,-0.05018602,-0.07471147,-0.07308081,-0.01072400
75241,20050805,PXD,-0.01872400,-0.00800000,-0.01072400,0.02779962,-0.06269213,-0.04768147,0.02735300
75241,20050808,PXD,0.02435300,-0.00300000,0.02735300,0.01193590,-0.02873398,-0.05119801,-0.00430400
75241,20050809,PXD,0.00269600,0.00700000,-0.00430400,0.05502044,0.05508080,-0.01478617,0.03108800
75241,20050810,PXD,0.02908800,-0.00200000,0.03108800,0.03846878,0.05501095,-0.00087410,0.01105200
75241,20050811,PXD,0.01805200,0.00700000,0.01105200,0.06093112,0.08569488,0.00384242,0.01766600
75241,20050812,PXD,0.01166600,-0.00600000,0.01766600,0.06634815,0.09544510,0.02524934,0.03620700
75241,20050815,PXD,0.03920700,0.00300000,0.03620700,0.05767971,0.10246871,0.07005144,0.00378900
75241,20050816,PXD,-0.00821100,-0.01200000,0.00378900,0.01173595,0.04082478,0.09723264,-0.02718000
75241,20050817,PXD,-0.02618000,0.00100000,-0.02718000,-0.01285401,0.04018235,0.09661624,0.01065100
75241,20050818,PXD,0.00965100,-0.00100000,0.01065100,0.00884663,0.04886771,0.13820403,0.02608200
75241,20050819,PXD,0.02708200,0.00100000,0.02608200,0.03545462,0.01103251,0.10676719,-0.00155700
75241,20050822,PXD,0.00044300,0.00200000,-0.00155700,0.03027515,0.01298640,0.11665422,0.00565800
75241,20050823,PXD,0.00265800,-0.00300000,0.00565800,0.02218044,0.05970029,0.10221216,0.01804500
75241,20050824,PXD,0.01104500,-0.00700000,0.01804500,0.03369142,0.05895785,0.10042415,0.00979800
75241,20050825,PXD,0.01179800,0.00200000,0.00979800,0.05958169,0.06382962,0.11471758,0.03104900
75241,20050826,PXD,0.02504900,-0.00600000,0.03104900,0.04435515,0.06872221,0.07980335,0.00284800
75241,20050829,PXD,0.00884800,0.00600000,0.00284800,0.04665595,0.07563019,0.08949381,0.01218800
75241,20050830,PXD,0.00918800,-0.00300000,0.01218800,0.02764552,0.07036238,0.13423460,0.01213900
75241,20050831,PXD,0.02213900,0.01000000,0.01213900,0.11313366,0.15142057,0.21901373,0.08584200
75241,20050901,PXD,0.08684200,0.00100000,0.08584200,0.06361397,0.08002250,0.14870237,-0.03238800
75241,20050902,PXD,-0.03538800,-0.00300000,-0.03238800,0.04085064,0.06696858,0.14099315,-0.00971800
75241,20050906,PXD,0.00328200,0.01300000,-0.00971800,-0.05928976,0.03522518,0.11498522,-0.01758900
75241,20050907,PXD,-0.01558900,0.00200000,-0.01758900,-0.02293791,0.02688871,0.10001274,0.00439100
75241,20050908,PXD,0.00039100,-0.00400000,0.00439100,-0.00674583,-0.04896372,0.09707611,0.00665700
75241,20050909,PXD,0.01465700,0.00800000,0.00665700,0.00075056,-0.02672408,0.05230956,-0.01017100
75241,20050912,PXD,-0.01117100,-0.00100000,-0.01017100,-0.00108590,-0.01425140,0.05130043,0.00254600
75241,20050913,PXD,-0.00545400,-0.00800000,0.00254600,0.01350601,0.02466244,0.06104325,0.02141000
75241,20050914,PXD,0.01841000,-0.00300000,0.02141000,0.03025916,0.02673024,0.05446750,0.00634600
75241,20050915,PXD,0.00634600,0.00000000,0.00634600,0.01147543,0.00367562,-0.04521045,-0.01621700
75241,20050916,PXD,-0.00821700,0.00800000,-0.01621700,0.04170204,0.06611625,0.03905938,0.05166500
75241,20050919,PXD,0.04566500,-0.00600000,0.05166500,0.03186136,0.06035763,0.04518967,-0.00287200
75241,20050920,PXD,-0.01087200,-0.00800000,-0.00287200,0.06521526,0.05539320,0.08060600,0.01682400
75241,20050921,PXD,0.00782400,-0.00900000,0.01682400,0.00249181,0.03724855,0.06452732,-0.01139400
75241,20050922,PXD,-0.00739400,0.00400000,-0.01139400,-0.00173416,0.04625993,0.04985180,-0.00714500
75241,20050923,PXD,-0.00614500,0.00100000,-0.00714500,-0.00112219,0.01274526,0.07879492,0.01761300
75241,20050926,PXD,0.01761300,0.00000000,0.01761300,0.00551837,0.01093396,0.07160873,-0.00478700
75241,20050927,PXD,-0.00478700,0.00000000,-0.00478700,0.03460131,0.01561834,0.07197514,0.02157200
75241,20050928,PXD,0.02257200,0.00100000,0.02157200,0.02685928,0.03762786,0.07627193,0.00985800
75241,20050929,PXD,0.01885800,0.00900000,0.00985800,0.00728857,0.02026355,0.06760715,-0.02360200
75241,20050930,PXD,-0.02260200,0.00100000,-0.02360200,0.00561025,0.02251957,0.03539608,0.01984400
75241,20051003,PXD,0.01784400,-0.00200000,0.01984400,-0.01783965,0.01291027,0.02392127,-0.01379300
75241,20051004,PXD,-0.02379300,-0.01000000,-0.01379300,-0.02873597,-0.04241541,-0.02798084,-0.03447800
75241,20051005,PXD,-0.04947800,-0.01500000,-0.03447800,-0.08824458,-0.09182897,-0.05978674,-0.04439000
75241,20051006,PXD,-0.04839000,-0.00400000,-0.04439000,-0.05553560,-0.04965944,-0.03149275,0.02355300
75241,20051007,PXD,0.02755300,0.00400000,0.02355300,-0.03134918,-0.07600141,-0.05659083,-0.00956200
75241,20051010,PXD,-0.01656200,-0.00700000,-0.00956200,0.05121336,-0.02982562,-0.01757593,0.03728500
75241,20051011,PXD,0.03528500,-0.00200000,0.03728500,-0.00379817,-0.02553745,-0.06580001,-0.03021200
75241,20051012,PXD,-0.03621200,-0.00600000,-0.03021200,-0.01186961,0.00144628,-0.08945830,-0.01768600
75241,20051013,PXD,-0.01868600,-0.00100000,-0.01768600,-0.02147620,0.00528465,-0.04437946,0.02762700
75241,20051014,PXD,0.03562700,0.00800000,0.02762700,0.03539579,0.04115885,-0.03942291,0.02566700
75241,20051017,PXD,0.02866700,0.00300000,0.02566700,0.01853752,-0.02973816,-0.05778553,-0.03305200
75241,20051018,PXD,-0.04305200,-0.01000000,-0.03305200,-0.03159014,-0.02274801,-0.04774531,-0.02323500
75241,20051019,PXD,-0.00823500,0.01500000,-0.02323500,-0.10567247,-0.05883824,-0.05677113,-0.05344900
75241,20051020,PXD,-0.06844900,-0.01500000,-0.05344900,-0.06303234,-0.07065232,-0.06520052,0.01408700
75241,20051021,PXD,0.01608700,0.00200000,0.01408700,-0.01427948,-0.06954375,-0.03102786,0.02835700
75241,20051024,PXD,0.04535700,0.01700000,0.02835700,0.08104738,-0.00230720,-0.03246133,0.03577000
75241,20051025,PXD,0.03377000,-0.00200000,0.03577000,0.06312053,0.01887184,-0.00397251,-0.00213700
75241,20051026,PXD,-0.00613700,-0.00400000,-0.00213700,0.00447071,0.04720114,-0.01454649,-0.02784900
75241,20051027,PXD,-0.03784900,-0.01000000,-0.02784900,-0.01171178,0.05322035,-0.02273083,0.01943900
75241,20051028,PXD,0.03643900,0.01700000,0.01943900,-0.01686641,0.01655247,-0.05454240,-0.00720000
75241,20051031,PXD,-0.00020000,0.00700000,-0.00720000,0.02863163,-0.00301140,-0.00537549,0.01598800
75241,20051101,PXD,0.01198800,-0.00400000,0.01598800,0.01036997,0.00059676,0.01985445,0.00145100
75241,20051102,PXD,0.01145100,0.01000000,0.00145100,0.00919734,0.02176426,0.07167466,-0.00829400
75241,20051103,PXD,-0.00429400,0.00400000,-0.00829400,-0.03871839,-0.03023726,0.02174291,-0.03156200
75241,20051104,PXD,-0.03156200,0.00000000,-0.03156200,-0.07510686,-0.05915543,-0.04384500,-0.03661500
75241,20051107,PXD,-0.03461500,0.00200000,-0.03661500,-0.05564826,-0.06296891,-0.06619404,0.01201700
75241,20051108,PXD,0.00901700,-0.00300000,0.01201700,-0.03337970,-0.07194713,-0.07282354,-0.00865000
75241,20051109,PXD,-0.00665000,0.00200000,-0.00865000,-0.02816392,-0.09388395,-0.07719143,-0.03143100
75241,20051110,PXD,-0.02343100,0.00800000,-0.03143100,-0.02759258,-0.05210661,-0.08202058,0.01285300
75241,20051111,PXD,0.01585300,0.00300000,0.01285300,-0.00750231,-0.00417334,-0.06366420,0.01154400
75241,20051114,PXD,0.01054400,-0.00100000,0.01154400,0.03136014,-0.00943915,-0.07243938,0.00671300
75241,20051115,PXD,0.00271300,-0.00400000,0.00671300,0.06964509,0.05017504,-0.02570586,0.05065400
75241,20051116,PXD,0.05265400,0.00200000,0.05065400,0.04060597,0.06642307,-0.03394266,-0.01651300
75241,20051117,PXD,-0.00751300,0.00900000,-0.01651300,0.03072407,0.04968912,-0.00492960,-0.00300400
75241,20051118,PXD,0.00099600,0.00400000,-0.00300400,0.01629965,0.07576345,0.07188855,0.03619400
75241,20051121,PXD,0.04119400,0.00500000,0.03619400,0.04210993,0.07819607,0.06840498,0.00837900
75241,20051122,PXD,0.01337900,0.00500000,0.00837900,0.03749183,0.01743149,0.06993800,-0.00733800
75241,20051123,PXD,-0.00433800,0.00300000,-0.00733800,0.02035851,0.05476245,0.12658648,0.01921600
75241,20051125,PXD,0.02121600,0.00200000,0.01921600,-0.02481847,0.01873036,0.06983273,-0.03589000
75241,20051128,PXD,-0.04489000,-0.00900000,-0.03589000,-0.01514552,-0.01432047,0.06019935,0.00252500
75241,20051129,PXD,0.00252500,0.00000000,0.00252500,-0.04033156,-0.02940465,0.04496686,-0.00736700
75241,20051130,PXD,-0.01336700,-0.00600000,-0.00736700,-0.00010141,-0.01781161,-0.00117808,0.00488600
75241,20051201,PXD,0.01688600,0.01200000,0.00488600,-0.01135230,-0.04454689,0.00675222,-0.00868900
75241,20051202,PXD,-0.00868900,0.00000000,-0.00868900,0.01005190,0.00501814,0.02394567,0.01388200
75241,20051205,PXD,0.01188200,-0.00200000,0.01388200,0.00119572,-0.00143241,-0.01580416,-0.00388700
75241,20051206,PXD,-0.00288700,0.00100000,-0.00388700,0.00911465,0.00526203,-0.02452445,-0.00079100
75241,20051207,PXD,-0.00579100,-0.00500000,-0.00079100,0.01963109,0.02475599,0.00659994,0.02449500
75241,20051208,PXD,0.02349500,-0.00100000,0.02449500,-0.00084810,0.00907684,-0.03572404,-0.02405900
75241,20051209,PXD,-0.02105900,0.00300000,-0.02405900,0.03855392,0.03354967,0.03886245,0.03853500
75241,20051212,PXD,0.03953500,0.00100000,0.03853500,0.01065198,0.03463825,0.03332096,-0.00301700
75241,20051213,PXD,0.00298300,0.00600000,-0.00301700,0.03915996,0.03917953,0.04494878,0.00324900
75241,20051214,PXD,0.00724900,0.00400000,0.00324900,0.00123962,0.01502488,0.04037092,0.00100000
75241,20051215,PXD,0.00000000,-0.00100000,0.00100000,-0.03604664,-0.00195413,0.00717629,-0.03999700
75241,20051216,PXD,-0.04299700,-0.00300000,-0.03999700,-0.04059008,-0.04077896,-0.00855754,-0.00190600
75241,20051219,PXD,-0.00790600,-0.00600000,-0.00190600,-0.02423486,-0.02019570,0.01345451,0.01827000
75241,20051220,PXD,0.01827000,-0.00000000,0.01827000,0.02056469,-0.01920183,0.01870037,0.00425300
75241,20051221,PXD,0.00725300,0.00300000,0.00425300,0.02136468,-0.02158824,-0.00720006,-0.00134700
75241,20051222,PXD,0.00265300,0.00400000,-0.00134700,-0.01407465,0.00211478,0.00016941,-0.01682100
75241,20051223,PXD,-0.01682100,0.00000000,-0.01682100,-0.03508167,-0.01346299,-0.05356757,-0.01729700
75241,20051227,PXD,-0.02729700,-0.01000000,-0.01729700,-0.01461454,-0.01187252,-0.03171543,0.01994900
75241,20051228,PXD,0.02094900,0.00100000,0.01994900,-0.00743186,-0.02532059,-0.04370469,-0.00958200
75241,20051229,PXD,-0.01258200,-0.00300000,-0.00958200,0.02023471,-0.01407223,-0.03496272,0.01009700
75241,20051230,PXD,0.00509700,-0.00500000,0.01009700,0.01592213,0.01791852,0.02008605,0.01559700
75241,20060103,PXD,0.03159700,0.01600000,0.01559700,0.03992755,0.05050872,0.03603719,0.01339500
75241,20060104,PXD,0.01739500,0.00400000,0.01339500,0.00529206,0.00569677,-0.00639663,-0.02304400
75241,20060105,PXD,-0.02304400,0.00000000,-0.02304400,-0.00566137,0.02040313,-0.00620812,0.00450600
75241,20060106,PXD,0.01350600,0.00900000,0.00450600,-0.02437130,0.00428326,-0.01039120,-0.00550100
75241,20060109,PXD,-0.00150100,0.00400000,-0.00550100,-0.00009990,-0.01028008,0.00777270,0.00094000
75241,20060110,PXD,0.00094000,-0.00000000,0.00094000,-0.02728134,-0.04599392,0.00240890,-0.02271800
75241,20060111,PXD,-0.01971800,0.00300000,-0.02271800,-0.03250814,-0.03394571,-0.02879006,-0.01105000
75241,20060112,PXD,-0.01705000,-0.00600000,-0.01105000,-0.02877693,-0.03331394,-0.01435312,0.00484700
75241,20060113,PXD,0.00584700,0.00100000,0.00484700,0.02354550,0.00150220,0.00581626,0.03015800
75241,20060117,PXD,0.02615800,-0.00400000,0.03015800,0.01361841,-0.02005797,-0.03037192,-0.02073600
75241,20060118,PXD,-0.02473600,-0.00400000,-0.02073600,0.01869518,0.01219986,-0.03383584,0.00987600
75241,20060119,PXD,0.01587600,0.00600000,0.00987600,-0.00112406,0.03343697,-0.00066464,0.00999500
75241,20060120,PXD,-0.00800500,-0.01800000,0.00999500,0.02213593,0.03082329,-0.00285592,0.00222700
75241,20060123,PXD,0.00422700,0.00200000,0.00222700,0.01654521,0.00532142,0.00678141,0.00431300
75241,20060124,PXD,0.00631300,0.00200000,0.00431300,-0.03100609,-0.01135467,-0.03086816,-0.03716300
75241,20060125,PXD,-0.03916300,-0.00200000,-0.03716300,-0.04927587,-0.03677830,-0.02488032,-0.01649700
75241,20060126,PXD,-0.00949700,0.00700000,-0.01649700,-0.05275903,-0.04666829,-0.01333318,0.00098900
75241,20060127,PXD,0.00898900,0.00800000,0.00098900,0.01202553,-0.02199759,0.00903964,0.02770700
75241,20060130,PXD,0.02870700,0.00100000,0.02770700,0.05575473,-0.00047648,0.00490130,0.02594000
75241,20060131,PXD,0.02194000,-0.00400000,0.02594000,0.04040846,0.02475092,0.01270502,-0.01329900
75241,20060201,PXD,-0.01129900,0.00200000,-0.01329900,0.01022020,0.03923597,0.00073207,-0.00204800
75241,20060202,PXD,-0.01104800,-0.00900000,-0.00204800,-0.00948641,0.04365753,-0.00360469,0.00577000
75241,20060203,PXD,0.00077000,-0.00500000,0.00577000,0.01849208,0.03092455,0.00907245,0.01497400
75241,20060206,PXD,0.01597400,0.00100000,0.01497400,-0.02115487,-0.03570690,-0.03651381,-0.04106200
75241,20060207,PXD,-0.04906200,-0.00800000,-0.04106200,-0.06081946,-0.05651832,-0.03425760,-0.03489600
75241,20060208,PXD,-0.02589600,0.00900000,-0.03489600,-0.14389295,-0.12554432,-0.09113294,-0.07486900
75241,20060209,PXD,-0.07586900,-0.00100000,-0.07486900,-0.11758840,-0.14076510,-0.10097689,-0.01052400
75241,20060210,PXD,-0.00752400,0.00300000,-0.01052400,-0.10758041,-0.17419323,-0.14605372,-0.02509400
75241,20060213,PXD,-0.02809400,-0.00300000,-0.02509400,-0.04716755,-0.15132843,-0.17941563,-0.01183500
75241,20060214,PXD,-0.00183500,0.01000000,-0.01183500,-0.06116531,-0.14185152,-0.18937858,-0.02491500
75241,20060215,PXD,-0.02091500,0.00400000,-0.02491500,-0.00140907,-0.03750505,-0.16084052,0.03642700
75241,20060216,PXD,0.04342700,0.00700000,0.03642700,0.01144857,-0.02607272,-0.16552783,0.00087500
75241,20060217,PXD,-0.00112500,-0.00200000,0.00087500,0.04380291,0.00598412,-0.17204582,0.00637800
75241,20060221,PXD,0.00337800,-0.00300000,0.00637800,-0.04008719,-0.03034603,-0.17975298,-0.04728200
75241,20060222,PXD,-0.03928200,0.00800000,-0.04728200,-0.02167734,0.01470951,-0.12988068,0.01988800
75241,20060223,PXD,0.01588800,-0.00400000,0.01988800,-0.03796919,-0.03077533,-0.06777465,-0.01020000
75241,20060224,PXD,-0.00920000,0.00100000,-0.01020000,-0.02224584,-0.06249721,-0.08809835,-0.03162300
75241,20060227,PXD,-0.02762300,0.00400000,-0.03162300,-0.02692341,-0.05412171,-0.04933607,0.01477400
75241,20060228,PXD,0.00477400,-0.01000000,0.01477400,-0.02001817,-0.01058509,-0.04072506,-0.00301100
75241,20060301,PXD,0.00498900,0.00800000,-0.00301100,0.05086426,0.00760081,0.02248068,0.03864300
75241,20060302,PXD,0.03664300,-0.00200000,0.03864300,0.04087596,0.02291141,-0.00853649,0.00487700
75241,20060303,PXD,0.00387700,-0.00100000,0.00487700,-0.00964436,0.00200965,-0.05984894,-0.05092800
75241,20060306,PXD,-0.05792800,-0.00700000,-0.05092800,-0.05136787,-0.01804247,-0.07094855,-0.00547500
75241,20060307,PXD,-0.00747500,-0.00200000,-0.00547500,-0.05228670,-0.01105849,-0.02140873,0.00407400
75241,20060308,PXD,0.00607400,0.00200000,0.00407400,-0.03092557,-0.07529802,-0.06843638,-0.02953300
75241,20060309,PXD,-0.03453300,-0.00500000,-0.02953300,-0.05085892,-0.10376083,-0.08322919,-0.02575900
75241,20060310,PXD,-0.01875900,0.00700000,-0.02575900,-0.04091635,-0.04230536,-0.03986357,0.01456900
75241,20060313,PXD,0.01656900,0.00200000,0.01456900,-0.00334572,-0.02939879,-0.04708103,0.00830500
75241,20060314,PXD,0.01830500,0.01000000,0.00830500,-0.01147919,-0.06636154,-0.07622359,-0.03354900
75241,20060315,PXD,-0.02954900,0.00400000,-0.03354900,-0.01055124,-0.02222463,-0.09746075,0.01550800
75241,20060316,PXD,0.01750800,0.00200000,0.01550800,-0.03730182,-0.01529427,-0.11937461,-0.01895500
75241,20060317,PXD,-0.01795500,0.00100000,-0.01895500,-0.01622033,-0.04187979,-0.08321615,-0.01247400
75241,20060320,PXD,-0.01447400,-0.00200000,-0.01247400,-0.03539740,-0.05338922,-0.08204433,-0.00456400
75241,20060321,PXD,-0.01056400,-0.00600000,-0.00456400,-0.00101062,-0.00476554,-0.07096063,0.01639600
75241,20060322,PXD,0.02239600,0.00600000,0.01639600,0.02931853,-0.00269717,-0.02484023,0.01751900
75241,20060323,PXD,0.01451900,-0.00300000,0.01751900,0.11580699,0.09596064,0.08109502,0.07858800
75241,20060324,PXD,0.07958800,0.00100000,0.07858800,0.09189565,0.10455760,0.05999973,-0.00481400
75241,20060327,PXD,-0.00581400,-0.00100000,-0.00481400,0.09592918,0.13355411,0.07305911,0.02148200
75241,20060328,PXD,0.01548200,-0.00600000,0.02148200,0.02174793,0.12108106,0.11586450,0.00501200
75241,20060329,PXD,0.01201200,0.00700000,0.00501200,0.02778553,0.10305825,0.09967011,0.00108700
75241,20060330,PXD,-0.00091300,-0.00200000,0.00108700,0.02120950,0.03800055,0.13687533,0.01496600
75241,20060331,PXD,0.01096600,-0.00400000,0.01496600,0.01769919,0.04480404,0.15359130,0.00161600
75241,20060403,PXD,0.00361600,0.00200000,0.00161600,0.00355955,0.00972532,0.14574884,-0.01298000
75241,20060404,PXD,-0.00698000,0.00600000,-0.01298000,-0.00752322,0.00862923,0.13146153,0.00393700
75241,20060405,PXD,0.00793700,0.00400000,0.00393700,-0.00372432,0.01298393,0.11798299,0.00537500
75241,20060406,PXD,0.00337500,-0.00200000,0.00537500,0.01460536,0.00324610,0.04134736,0.00529200
75241,20060407,PXD,-0.00470800,-0.01000000,0.00529200,0.00536887,-0.00364845,0.04095495,-0.00528000
75241,20060410,PXD,-0.00428000,0.00100000,-0.00528000,-0.00122272,0.00795192,0.01768035,-0.00127600
75241,20060411,PXD,-0.00927600,-0.00800000,-0.00127600,-0.02642407,-0.01582124,-0.00757780,-0.02018200
75241,20060412,PXD,-0.01918200,0.00100000,-0.02018200,-0.03787582,-0.03749428,-0.02541576,-0.01706500
75241,20060413,PXD,-0.01606500,0.00100000,-0.01706500,-0.00812917,-0.01452102,-0.01134688,0.02973900
75241,20060417,PXD,0.02673900,-0.00300000,0.02973900,0.02787807,0.00549929,0.00179620,0.01526600
75241,20060418,PXD,0.03226600,0.01700000,0.01526600,0.04507382,0.00596885,0.01402204,-0.00088400
75241,20060419,PXD,0.00111600,0.00200000,-0.00088400,0.00460683,0.01714703,0.00046225,-0.00947500
75241,20060420,PXD,-0.00847500,0.00100000,-0.00947500,0.00615091,0.05257585,0.01168605,0.01664400
75241,20060421,PXD,0.01664400,-0.00000000,0.01664400,-0.00724978,0.00687767,-0.00805986,-0.01415000
75241,20060424,PXD,-0.01615000,-0.00200000,-0.01415000,0.00384139,-0.00648488,-0.00109421,0.00162700
75241,20060425,PXD,-0.00337300,-0.00500000,0.00162700,-0.05019197,-0.04359521,-0.03868971,-0.03842400
75241,20060426,PXD,-0.03542400,0.00300000,-0.03842400,-0.05674691,-0.05453233,-0.03932003,-0.02077800
75241,20060427,PXD,-0.01777800,0.00300000,-0.02077800,-0.04085946,-0.05263010,-0.00371692,0.01876700
75241,20060428,PXD,0.01976700,0.00100000,0.01876700,0.00679705,-0.03012792,-0.02401411,0.00913800
75241,20060501,PXD,0.00513800,-0.00400000,0.00913800,0.01512209,-0.04442862,-0.05050567,-0.01273800
75241,20060502,PXD,-0.00673800,0.00600000,-0.01273800,-0.01688444,-0.01927270,-0.06205519,-0.01331000
75241,20060503,PXD,-0.01731000,-0.00400000,-0.01331000,-0.03356042,-0.00624950,-0.06054169,-0.00776100
75241,20060504,PXD,-0.00476100,0.00300000,-0.00776100,-0.01669726,-0.02031301,-0.07245099,0.00459000
75241,20060505,PXD,0.01459000,0.01000000,0.00459000,-0.01749166,-0.04329182,-0.07244996,-0.01408700
75241,20060508,PXD,-0.01508700,-0.00100000,-0.01408700,-0.01185955,-0.03276396,-0.07638601,-0.00215400
75241,20060509,PXD,-0.00215400,0.00000000,-0.00215400,-0.02104682,-0.02451286,-0.04355384,-0.00495600
75241,20060510,PXD,-0.00695600,-0.00200000,-0.00495600,0.01018749,0.00061843,-0.00559548,0.01734800
75241,20060511,PXD,0.00434800,-0.01300000,0.01734800,-0.00753173,-0.02319231,-0.04274462,-0.01978400
75241,20060512,PXD,-0.03078400,-0.01100000,-0.01978400,-0.02979599,-0.03647152,-0.07770483,-0.02781400
75241,20060515,PXD,-0.02481400,0.00300000,-0.02781400,-0.01980533,-0.00754084,-0.03930395,0.02846300
75241,20060516,PXD,0.02646300,-0.00200000,0.02846300,-0.00680637,-0.00929489,-0.03270458,-0.00679800
75241,20060517,PXD,-0.02379800,-0.01700000,-0.00679800,0.03575654,-0.01179630,-0.01113380,0.01487200
75241,20060518,PXD,0.00787200,-0.00700000,0.01487200,0.01204333,0.01205363,-0.01130035,0.00431400
75241,20060519,PXD,0.00831400,0.00400000,0.00431400,0.01666481,0.03755265,-0.00020518,-0.00249700
75241,20060522,PXD,-0.00649700,-0.00400000,-0.00249700,-0.00026765,0.00747317,-0.00010002,-0.00203600
75241,20060523,PXD,-0.00603600,-0.00400000,-0.00203600,-0.01448961,0.00443876,-0.00498896,-0.01009700
75241,20060524,PXD,-0.00809700,0.00200000,-0.01009700,-0.00947210,-0.00769381,-0.01924600,0.00277600
75241,20060525,PXD,0.01377600,0.01100000,0.00277600,-0.00315837,-0.00771483,0.00452457,0.00431700
75241,20060526,PXD,0.01031700,0.00600000,0.00431700,0.00686067,-0.00532160,0.03212308,-0.00018900
75241,20060530,PXD,-0.01618900,-0.01600000,-0.00018900,0.02910234,0.02182599,0.02893633,0.02516500
75241,20060531,PXD,0.03316500,0.00800000,0.02516500,0.00419666,0.01149439,0.01597340,-0.02033100
75241,20060601,PXD,-0.00833100,0.01200000,-0.02033100,0.00951047,0.01359974,0.00583216,0.00491900
75241,20060602,PXD,0.00691900,0.00200000,0.00491900,-0.03032141,-0.00635670,-0.01399711,-0.01512900
75241,20060605,PXD,-0.03312900,-0.01800000,-0.01512900,-0.00002921,0.00435584,-0.00100880,0.01064500
75241,20060606,PXD,0.00964500,-0.00100000,0.01064500,-0.02298405,-0.03805853,-0.01771918,-0.01863500
75241,20060607,PXD,-0.02463500,-0.00600000,-0.01863500,-0.01277977,-0.02278259,-0.01227854,-0.00460800
75241,20060608,PXD,-0.00360800,0.00100000,-0.00460800,-0.01941989,-0.02373583,-0.01111741,0.00374100
75241,20060609,PXD,-0.00025900,-0.00400000,0.00374100,0.00204689,-0.00608650,-0.01218427,0.00290900
75241,20060612,PXD,-0.01009100,-0.01300000,0.00290900,-0.02831795,-0.05004899,-0.04618586,-0.03521700
75241,20060613,PXD,-0.04521700,-0.01000000,-0.03521700,-0.00840701,-0.00922108,-0.04602873,0.02511200
75241,20060614,PXD,0.03011200,0.00500000,0.02511200,0.01970172,0.02620309,0.00227988,0.03188300
75241,20060615,PXD,0.05288300,0.02100000,0.03188300,0.19097499,0.14781437,0.11649378,0.12237500
75241,20060616,PXD,0.11837500,-0.00400000,0.12237500,0.12431160,0.11075945,0.10145199,-0.02959200
75241,20060619,PXD,-0.03859200,-0.00900000,-0.02959200,0.05536748,0.11777516,0.05746325,-0.03051600
75241,20060620,PXD,-0.03051600,-0.00000000,-0.03051600,-0.06951699,0.07889073,0.06712616,-0.01072600
75241,20060621,PXD,-0.00072600,0.01000000,-0.01072600,-0.02912777,0.05729664,0.08471076,0.01226900
75241,20060622,PXD,0.00726900,-0.00500000,0.01226900,0.05004990,-0.01251283,0.13271670,0.04814900
75241,20060623,PXD,0.04714900,-0.00100000,0.04814900,0.06547786,0.02225605,0.13653303,0.00418900
75241,20060626,PXD,0.00918900,0.00500000,0.00418900,0.06662359,0.06863893,0.19536315,0.01355300
75241,20060627,PXD,0.00455300,-0.00900000,0.01355300,0.03053749,0.09302222,0.18051154,0.01244800
75241,20060628,PXD,0.01744800,0.00500000,0.01244800,0.04382310,0.10003009,0.16350671,0.01675300
75241,20060629,PXD,0.03875300,0.02200000,0.01675300,0.02660995,0.04525227,0.03168122,-0.00293100
75241,20060630,PXD,-0.00493100,-0.00200000,-0.00293100,0.01108344,0.03818805,0.06216956,-0.00261300
75241,20060703,PXD,0.00538700,0.00800000,-0.00261300,-0.01266380,0.01635162,0.08789722,-0.00714500
75241,20060705,PXD,-0.01414500,-0.00700000,-0.00714500,-0.00747049,0.00599354,0.10167878,0.00234800
75241,20060706,PXD,0.00434800,0.00200000,0.00234800,-0.02295483,-0.02845278,0.06750030,-0.01832500
75241,20060707,PXD,-0.02532500,-0.00700000,-0.01832500,-0.01206777,-0.02170011,0.02197712,0.00410800
75241,20060710,PXD,0.00510800,0.00100000,0.00410800,-0.02026384,-0.02489865,0.01147343,-0.00598900
75241,20060711,PXD,-0.00198900,0.00400000,-0.00598900,0.00516248,-0.01092214,0.00478621,0.00701500
75241,20060712,PXD,-0.00398500,-0.01100000,0.00701500,0.00757885,-0.00662862,-0.00098187,0.00655400
75241,20060713,PXD,-0.00644600,-0.01300000,0.00655400,0.01722502,0.01543787,-0.01286843,0.00388100
75241,20060714,PXD,-0.00111900,-0.00500000,0.00388100,-0.01642516,-0.01526960,-0.03603088,-0.02699600
75241,20060717,PXD,-0.02799600,-0.00100000,-0.02699600,-0.03357802,-0.01983085,-0.04340483,-0.01075600
75241,20060718,PXD,-0.00875600,0.00200000,-0.01075600,-0.04263795,-0.03173078,-0.04197503,-0.00458800
75241,20060719,PXD,0.01441200,0.01900000,-0.00458800,-0.03360728,-0.05601571,-0.06087066,-0.01812300
75241,20060720,PXD,-0.02612300,-0.00800000,-0.01812300,-0.03375852,-0.07017242,-0.05406862,-0.01111800
75241,20060721,PXD,-0.01811800,-0.00700000,-0.01111800,-0.01692664,-0.03255634,-0.04683730,0.01295400
75241,20060724,PXD,0.02995400,0.01700000,0.01295400,0.01300001,-0.01045819,-0.03032590,0.01145000
75241,20060725,PXD,0.01745000,0.00600000,0.01145000,0.04735092,0.01578892,-0.01666355,0.02149600
75241,20060726,PXD,0.02149600,-0.00000000,0.02149600,0.03083061,0.03259388,-0.02569131,-0.00226800
75241,20060727,PXD,-0.00626800,-0.00400000,-0.00226800,0.00576892,0.03106743,-0.04332877,-0.01335200
75241,20060728,PXD,-0.00135200,0.01200000,-0.01335200,0.00827823,0.04215622,0.00876910,0.02400900
75241,20060731,PXD,0.02300900,-0.00100000,0.02400900,0.01355497,0.03298544,0.02304112,0.00289700
75241,20060801,PXD,-0.00110300,-0.00400000,0.00289700,0.02564400,0.00987013,0.02603306,-0.00136400
75241,20060802,PXD,0.00463600,0.00600000,-0.00136400,-0.01245985,-0.00205978,0.03089877,-0.01396400
75241,20060803,PXD,-0.01296400,0.00100000,-0.01396400,-0.02586606,0.00060579,0.03174120,-0.01057600
75241,20060804,PXD,-0.01157600,-0.00100000,-0.01057600,-0.01457730,-0.01308147,0.02830996,0.00998200
75241,20060807,PXD,0.00698200,-0.00300000,0.00998200,-0.01149201,-0.02668223,0.00534435,-0.01086700
75241,20060808,PXD,-0.01386700,-0.00300000,-0.01086700,0.01379623,-0.01068617,-0.00111537,0.01488700
75241,20060809,PXD,0.01088700,-0.00400000,0.01488700,-0.01609292,-0.01669416,-0.01894087,-0.02003200
75241,20060810,PXD,-0.01503200,0.00500000,-0.02003200,-0.01489278,-0.01577663,-0.01520120,-0.00966700
75241,20060811,PXD,-0.01366700,-0.00400000,-0.00966700,-0.04348789,-0.03948703,-0.05194556,-0.01439500
75241,20060814,PXD,-0.01339500,0.00100000,-0.01439500,-0.05423394,-0.05934681,-0.08476259,-0.03085400
75241,20060815,PXD,-0.01685400,0.01400000,-0.03085400,-0.04923102,-0.07798363,-0.08731704,-0.00395200
75241,20060816,PXD,0.00404800,0.00800000,-0.00395200,-0.04569152,-0.06891508,-0.08439636,-0.01077400
75241,20060817,PXD,-0.00877400,0.00200000,-0.01077400,-0.02000784,-0.06507753,-0.07970393,-0.00519600
75241,20060818,PXD,-0.00119600,0.00400000,-0.00519600,-0.00577746,-0.04075878,-0.07938493,0.01022800
75241,20060821,PXD,0.00622800,-0.00400000,0.01022800,0.01863353,0.00375276,-0.05642533,0.01352000
75241,20060822,PXD,0.01452000,0.00100000,0.01352000,0.00771071,-0.00822188,-0.08568277,-0.01570900
75241,20060823,PXD,-0.01970900,-0.00400000,-0.01570900,0.00957957,0.01466316,-0.05488262,0.01212200
75241,20060824,PXD,0.01412200,0.00200000,0.01212200,0.00981097,0.03378616,-0.03211027,0.01374500
75241,20060825,PXD,0.01274500,-0.00100000,0.01374500,0.00333262,0.00082839,-0.04006566,-0.02224500
75241,20060828,PXD,-0.01724500,0.00500000,-0.02224500,-0.01591512,-0.01970221,-0.01622536,-0.00721700
75241,20060829,PXD,-0.00521700,0.00200000,-0.00721700,-0.03520767,-0.00992830,-0.01812427,-0.00595900
75241,20060830,PXD,-0.00595900,-0.00000000,-0.00595900,-0.01290758,-0.02157886,-0.00712195,0.00024000
75241,20060831,PXD,0.00024000,-0.00000000,0.00024000,0.00568135,-0.02400406,0.00955612,0.01150200
75241,20060901,PXD,0.01750200,0.00600000,0.01150200,0.01141239,-0.00196500,-0.00113579,-0.00035100
75241,20060905,PXD,0.00164900,0.00200000,-0.00035100,-0.00056966,-0.00627501,-0.02583784,-0.01140700
75241,20060906,PXD,-0.02140700,-0.01000000,-0.01140700,-0.00916977,0.00226112,-0.00760144,0.00259600
75241,20060907,PXD,-0.00240400,-0.00500000,0.00259600,-0.04803587,-0.03791233,-0.05883408,-0.04014500
75241,20060908,PXD,-0.03614500,0.00400000,-0.04014500,-0.05571122,-0.06636978,-0.08943015,-0.01900000
75241,20060911,PXD,-0.01900000,0.00000000,-0.01900000,-0.07331755,-0.08050878,-0.08312072,-0.01509700
75241,20060912,PXD,-0.00509700,0.01000000,-0.01509700,-0.03054049,-0.06733353,-0.07312838,0.00368400
75241,20060913,PXD,0.00768400,0.00400000,0.00368400,-0.03723606,-0.09442789,-0.09167522,-0.02569000
75241,20060914,PXD,-0.02669000,-0.00100000,-0.02569000,-0.01804355,-0.05181478,-0.08821185,0.00431300
75241,20060915,PXD,0.00731300,0.00300000,0.00431300,-0.01291203,-0.02447148,-0.09012973,0.00885200
75241,20060918,PXD,0.00985200,0.00100000,0.00885200,-0.00460630,-0.02676918,-0.10549513,-0.01751200
75241,20060919,PXD,-0.01951200,-0.00200000,-0.01751200,-0.03354920,-0.05454791,-0.11932183,-0.02490000
75241,20060920,PXD,-0.01990000,0.00500000,-0.02490000,-0.02056705,-0.00771432,-0.10173153,0.02209900
75241,20060921,PXD,0.01709900,-0.00500000,0.02209900,-0.00635381,-0.01512355,-0.06624094,-0.00325400
75241,20060922,PXD,-0.00525400,-0.00200000,-0.00325400,0.00927397,-0.03318350,-0.05753070,-0.00952800
75241,20060925,PXD,-0.00052800,0.00900000,-0.00952800,0.00492537,0.00174676,-0.02546232,0.01789200
75241,20060926,PXD,0.02589200,0.00800000,0.01789200,0.01702162,0.03628691,-0.02056617,0.00852700
75241,20060927,PXD,0.00852700,0.00000000,0.00852700,0.01852673,0.00553070,-0.00234706,-0.00789300
75241,20060928,PXD,-0.00589300,0.00200000,-0.00789300,0.01085613,0.01940971,0.00367578,0.01024700
75241,20060929,PXD,0.00824700,-0.00200000,0.01024700,-0.01595647,0.01005060,-0.02358172,-0.01821700
75241,20061002,PXD,-0.02121700,-0.00300000,-0.01821700,-0.04313054,-0.04265991,-0.04162986,-0.03542900
75241,20061003,PXD,-0.03342900,0.00200000,-0.03542900,-0.06210689,-0.05991529,-0.02600108,-0.00902800
75241,20061004,PXD,0.00297200,0.01200000,-0.00902800,-0.03877326,-0.04654538,-0.04200582,0.00608200
75241,20061005,PXD,0.00808200,0.00200000,0.00608200,0.00820197,-0.04575240,-0.02781822,0.01101700
75241,20061006,PXD,0.00801700,-0.00300000,0.01101700,0.01697863,-0.02812017,-0.01835113,-0.00020500
75241,20061009,PXD,0.00079500,0.00100000,-0.00020500,0.02405753,0.02137818,-0.02281327,0.01309900
75241,20061010,PXD,0.01509900,0.00200000,0.01309900,0.00716411,0.02444960,-0.03660149,-0.00561200
75241,20061011,PXD,-0.00861200,-0.00300000,-0.00561200,0.02545254,0.03659550,-0.01157558,0.01790200
75241,20061012,PXD,0.02790200,0.01000000,0.01790200,0.02259204,0.03597136,-0.01161799,0.01029200
75241,20061013,PXD,0.01229200,0.00200000,0.01029200,0.04680261,0.05457408,0.02528957,0.01749100
75241,20061016,PXD,0.02049100,0.00300000,0.01749100,0.02359771,0.03613892,0.05896647,-0.00418100
75241,20061017,PXD,-0.00818100,-0.00400000,-0.00418100,0.02505717,0.05458959,0.08061214,0.01174700
75241,20061018,PXD,0.01274700,0.00100000,0.01174700,0.02729218,0.05616643,0.09531784,0.01973100
75241,20061019,PXD,0.02073100,0.00100000,0.01973100,0.01499315,0.02836909,0.06577323,-0.01623200
75241,20061020,PXD,-0.01523200,0.00100000,-0.01623200,0.00284624,0.01038452,0.06594313,-0.00035300
75241,20061023,PXD,0.00564700,0.00600000,-0.00035300,-0.00434655,0.02747036,0.06514678,0.01245100
75241,20061024,PXD,0.01245100,0.00000000,0.01245100,0.03392330,0.03731310,0.09504515,0.02131900
75241,20061025,PXD,0.02531900,0.00400000,0.02131900,0.01954400,0.00252737,0.05974699,-0.01417200
75241,20061026,PXD,-0.00917200,0.00500000,-0.01417200,0.00025755,0.01244203,0.04138609,-0.00647900
75241,20061027,PXD,-0.01447900,-0.00800000,-0.00647900,-0.03552967,-0.00290112,0.00744865,-0.01541400
75241,20061030,PXD,-0.01541400,0.00000000,-0.01541400,-0.02522995,-0.01879185,0.00801880,-0.00366900
75241,20061031,PXD,-0.00366900,0.00000000,-0.00366900,-0.01997429,-0.03983936,-0.00486649,-0.00110200
75241,20061101,PXD,-0.00810200,-0.00700000,-0.00110200,0.00700023,-0.01472556,-0.01251010,0.01188100
75241,20061102,PXD,0.01188100,-0.00000000,0.01188100,0.03599334,0.01645301,0.02910236,0.02523900
75241,20061103,PXD,0.02323900,-0.00200000,0.02523900,0.02914114,0.02401515,0.02106156,-0.00837000
75241,20061106,PXD,0.00263000,0.01100000,-0.00837000,0.00808501,0.01891501,-0.00028800,-0.00867600
75241,20061107,PXD,-0.00667600,0.00200000,-0.00867600,-0.00930957,0.02831974,-0.01345022,0.00784200
75241,20061108,PXD,0.00984200,0.00200000,0.00784200,0.00483158,0.02189171,0.00639952,0.00571300
75241,20061109,PXD,0.00071300,-0.00500000,0.00571300,-0.00882514,-0.02585751,-0.00940025,-0.02219000
75241,20061110,PXD,-0.02019000,0.00200000,-0.02219000,-0.03278373,-0.03378899,-0.01055430,-0.01657600
75241,20061113,PXD,-0.01357600,0.00300000,-0.01657600,-0.04096544,-0.02767627,-0.00924203,-0.00231400
75241,20061114,PXD,0.00368600,0.00600000,-0.00231400,-0.01758223,-0.03390280,-0.00675817,0.00142800
75241,20061115,PXD,0.00342800,0.00200000,0.00142800,-0.02059668,-0.05879078,-0.03832344,-0.01957000
75241,20061116,PXD,-0.01757000,0.00200000,-0.01957000,0.00307176,-0.01601184,-0.04201120,0.02160300
75241,20061117,PXD,0.02260300,0.00100000,0.02160300,0.00946939,0.00864965,-0.02573593,0.00780100
75241,20061120,PXD,0.00680100,-0.00100000,0.00780100,0.03525875,0.01651539,-0.01165233,0.00547900
75241,20061121,PXD,0.00747900,0.00200000,0.00547900,0.00841566,0.01009344,-0.02427467,-0.00487400
75241,20061122,PXD,-0.00287400,0.00200000,-0.00487400,0.00242459,0.03205460,-0.02813641,0.00183900
75241,20061124,PXD,-0.00216100,-0.00400000,0.00183900,0.01334594,0.02665698,0.01083355,0.01640700
75241,20061127,PXD,0.00240700,-0.01400000,0.01640700,0.02844678,0.02914796,0.03824639,0.01020500
75241,20061128,PXD,0.01320500,0.00300000,0.01020500,0.06832665,0.06496871,0.08287915,0.04076300
75241,20061129,PXD,0.04976300,0.00900000,0.04076300,0.03257894,0.05100863,0.06187167,-0.01793000
75241,20061130,PXD,-0.01693000,0.00100000,-0.01793000,0.04230979,0.06984369,0.10400348,0.01976200
75241,20061201,PXD,0.01676200,-0.00300000,0.01976200,-0.02865013,0.02148528,0.04890163,-0.03022900
75241,20061204,PXD,-0.02122900,0.00900000,-0.03022900,-0.01022692,0.01164716,0.04159191,0.00061500
75241,20061205,PXD,0.00461500,0.00400000,0.00061500,-0.03076740,-0.02918363,0.03465945,-0.00106700
75241,20061206,PXD,-0.00206700,-0.00100000,-0.00106700,0.00678458,-0.00403295,0.04704323,0.00722200
75241,20061207,PXD,0.00322200,-0.00400000,0.00722200,-0.00939625,-0.03889774,0.02908801,-0.01553500
75241,20061208,PXD,-0.01353500,0.00200000,-0.01553500,-0.01471783,-0.01521277,0.00571936,-0.00641900
75241,20061211,PXD,-0.00441900,0.00200000,-0.00641900,-0.02754699,-0.02141589,-0.01047218,-0.00577400
75241,20061212,PXD,-0.00677400,-0.00100000,-0.00577400,0.00265139,-0.00574137,-0.03481445,0.01499200
75241,20061213,PXD,0.01599200,0.00100000,0.01499200,-0.00012338,-0.02221642,-0.02632235,-0.00923200
75241,20061214,PXD,-0.00023200,0.00900000,-0.00923200,-0.02442507,-0.03644750,-0.07475951,-0.02971000
75241,20061215,PXD,-0.02871000,0.00100000,-0.02971000,-0.06253506,-0.05393051,-0.06858992,-0.02441400
75241,20061218,PXD,-0.02741400,-0.00300000,-0.02441400,-0.05093064,-0.04598580,-0.06653859,0.00265700
75241,20061219,PXD,0.00465700,0.00200000,0.00265700,-0.02755430,-0.06562324,-0.07103283,-0.00583100
75241,20061220,PXD,-0.00683100,-0.00100000,-0.00583100,-0.00704243,-0.05982640,-0.08138262,-0.00386000
75241,20061221,PXD,-0.00786000,-0.00400000,-0.00386000,-0.01125346,-0.03265639,-0.06790672,-0.00168500
75241,20061222,PXD,-0.00668500,-0.00500000,-0.00168500,-0.01954738,-0.02269196,-0.07534006,-0.01421900
75241,20061226,PXD,-0.01021900,0.00400000,-0.01421900,-0.01290510,-0.02241510,-0.06763787,0.00307300
75241,20061227,PXD,0.01007300,0.00700000,0.00307300,-0.01525062,-0.02059729,-0.08509546,-0.00398600
75241,20061228,PXD,-0.00498600,-0.00100000,-0.00398600,-0.00146605,-0.01727223,-0.07597541,-0.00051200
75241,20061229,PXD,-0.00551200,-0.00500000,-0.00051200,-0.02766462,-0.03885580,-0.06994655,-0.02343900
75241,20070103,PXD,-0.02443900,-0.00100000,-0.02343900,-0.03884711,-0.03999424,-0.06163958,-0.01546300
75241,20070104,PXD,-0.01446300,0.00100000,-0.01546300,-0.03632706,-0.04039536,-0.06167517,0.00206900
75241,20070105,PXD,-0.00393100,-0.00600000,0.00206900,-0.00395738,-0.02758883,-0.04745876,0.00957600
75241,20070108,PXD,0.01157600,0.00200000,0.00957600,0.01889702,-0.02018597,-0.03702186,0.00724200
75241,20070109,PXD,0.00624200,-0.00100000,0.00724200,-0.00642017,-0.01967364,-0.05776442,-0.02293600
75241,20070110,PXD,-0.02093600,0.00200000,-0.02293600,-0.02911108,-0.01763941,-0.05706369,-0.01339200
75241,20070111,PXD,-0.00739200,0.00600000,-0.01339200,-0.01770517,-0.00090908,-0.04182493,0.01920200
75241,20070112,PXD,0.02420200,0.00500000,0.01920200,-0.00280193,-0.01877356,-0.04603569,-0.00827100
75241,20070116,PXD,-0.00727100,0.00100000,-0.00827100,0.02398960,-0.01305241,-0.03317298,0.01303200
75241,20070117,PXD,0.01203200,-0.00100000,0.01303200,0.00092310,0.00652271,-0.01344975,-0.00372000
75241,20070118,PXD,-0.00672000,-0.00300000,-0.00372000,0.03108942,0.04234946,0.02400052,0.02172000
75241,20070119,PXD,0.02472000,0.00300000,0.02172000,0.02103306,0.02578244,0.02521706,0.00322200
75241,20070122,PXD,-0.00177800,-0.00500000,0.00322200,0.04824370,0.05774249,0.03867657,0.02271100
75241,20070123,PXD,0.02671100,0.00400000,0.02271100,0.02377128,0.04218026,0.02902388,-0.00231000
75241,20070124,PXD,0.00669000,0.00900000,-0.00231000,0.00980943,0.03499416,0.04202411,-0.01016700
75241,20070125,PXD,-0.02116700,-0.01100000,-0.01016700,-0.02192824,0.00335137,0.04568526,-0.00956100
75241,20070126,PXD,-0.01056100,-0.00100000,-0.00956100,-0.02049641,-0.00090745,0.02485330,-0.00103300
75241,20070129,PXD,-0.00203300,-0.00100000,-0.00103300,0.01185162,-0.00089111,0.05691038,0.02277500
75241,20070130,PXD,0.02877500,0.00600000,0.02277500,0.02990175,0.00920950,0.05184715,0.00785100
75241,20070131,PXD,0.01485100,0.00700000,0.00785100,0.03103901,0.01988377,0.05613367,-0.00012200
75241,20070201,PXD,0.00487800,0.00500000,-0.00012200,0.00524785,0.02738224,0.03077682,-0.00248500
75241,20070202,PXD,-0.00048500,0.00200000,-0.00248500,-0.00405095,0.02696802,0.02601578,-0.00142800
75241,20070205,PXD,-0.00242800,-0.00100000,-0.00142800,-0.00539646,0.00227870,0.00137732,-0.00148700
75241,20070206,PXD,-0.00048700,0.00100000,-0.00148700,-0.03086816,-0.03362560,-0.02464845,-0.02803400
75241,20070207,PXD,-0.02703400,0.00100000,-0.02803400,-0.01706558,-0.02092960,-0.00175864,0.01276500
75241,20070208,PXD,0.01176500,-0.00100000,0.01276500,-0.01272652,-0.01558194,0.01088392,0.00279400
75241,20070209,PXD,-0.00420600,-0.00700000,0.00279400,0.00220832,-0.02703768,-0.00155830,-0.01314900
75241,20070212,PXD,-0.01614900,-0.00300000,-0.01314900,0.00007971,-0.01547554,-0.01345435,0.01068700
75241,20070213,PXD,0.01868700,0.00800000,0.01068700,-0.01947496,-0.00391690,-0.03760759,-0.01667600
75241,20070214,PXD,-0.00867600,0.00800000,-0.01667600,-0.01278641,-0.02301108,-0.04365011,-0.00650100
75241,20070215,PXD,-0.00550100,0.00100000,-0.00650100,-0.00775042,-0.01052941,-0.02607636,0.01558400
75241,20070216,PXD,0.01458400,-0.00100000,0.01558400,-0.01375159,-0.02012081,-0.04695031,-0.02257900
75241,20070220,PXD,-0.01957900,0.00300000,-0.02257900,0.00403369,-0.01918363,-0.03447772,0.01136400
75241,20070221,PXD,0.01036400,-0.00100000,0.01136400,-0.00000393,0.00900869,0.00509692,0.01150800
75241,20070222,PXD,0.01050800,-0.00100000,0.01150800,0.01509076,0.00777705,-0.01526691,-0.00763700
75241,20070223,PXD,-0.01163700,-0.00400000,-0.00763700,0.00449001,-0.00689878,-0.01740316,0.00075000
75241,20070226,PXD,-0.00025000,-0.00100000,0.00075000,-0.00202060,0.02000179,0.00070064,0.00468200
75241,20070227,PXD,-0.03031800,-0.03500000,0.00468200,-0.00563983,-0.00200111,-0.02049446,-0.01142600
75241,20070228,PXD,-0.00542600,0.00600000,-0.01142600,0.00506165,-0.00166530,0.00699379,0.01183300
75241,20070301,PXD,0.00883300,-0.00300000,0.01183300,-0.01417176,-0.00837759,-0.00097219,-0.01449600
75241,20070302,PXD,-0.02549600,-0.01100000,-0.01449600,0.00231560,-0.00399082,-0.01049159,0.00530000
75241,20070305,PXD,-0.00370000,-0.00900000,0.00530000,-0.02776541,-0.02748353,-0.00692894,-0.01897900
75241,20070306,PXD,-0.00397900,0.01500000,-0.01897900,0.00909518,0.00600915,0.00380589,0.02277200
75241,20070307,PXD,0.02077200,-0.00200000,0.02277200,-0.01077757,-0.01984920,-0.02074746,-0.01430500
75241,20070308,PXD,-0.00730500,0.00700000,-0.01430500,0.01158516,-0.00211399,-0.01048105,0.00320500
75241,20070309,PXD,0.00420500,0.00100000,0.00320500,-0.00894420,-0.00531211,-0.00910512,0.00223400
75241,20070312,PXD,0.00523400,0.00300000,0.00223400,0.02159603,0.03007890,0.00200855,0.01609500
75241,20070313,PXD,-0.00390500,-0.02000000,0.01609500,0.02640541,0.01529835,0.02123034,0.00789800
75241,20070314,PXD,0.01489800,0.00700000,0.00789800,0.02064800,0.02625112,0.00597830,-0.00348500
75241,20070315,PXD,0.00051500,0.00400000,-0.00348500,-0.00646143,0.01202692,0.01005208,-0.01067200
75241,20070316,PXD,-0.01467200,-0.00400000,-0.01067200,-0.00609119,0.01818141,0.01322392,0.00833100
75241,20070319,PXD,0.01933100,0.01100000,0.00833100,-0.00707767,-0.00273703,0.02801709,-0.00446200
75241,20070320,PXD,0.00153800,0.00600000,-0.00446200,-0.00718813,-0.02172089,-0.00618054,-0.01085900
75241,20070321,PXD,0.00614100,0.01700000,-0.01085900,-0.00183095,-0.00447923,0.02247099,0.01347900
75241,20070322,PXD,0.01347900,-0.00000000,0.01347900,0.00117383,0.00510008,0.01756198,-0.00150200
75241,20070323,PXD,-0.00050200,0.00100000,-0.00150200,0.02928062,0.01406133,0.03292330,0.01707700
75241,20070326,PXD,0.01807700,0.00100000,0.01707700,0.04014644,0.04362935,0.04179202,0.02424900
75241,20070327,PXD,0.01824900,-0.00600000,0.02424900,0.06242661,0.07505128,0.05453763,0.02035200
75241,20070328,PXD,0.01235200,-0.00800000,0.02035200,0.04281347,0.05897461,0.05604931,-0.00208000
75241,20070329,PXD,0.00192000,0.00400000,-0.00208000,0.05236441,0.09573627,0.10466173,0.03357500
75241,20070330,PXD,0.03257500,-0.00100000,0.03357500,0.03335191,0.07942736,0.09649017,0.00163900
75241,20070402,PXD,0.00463900,0.00300000,0.00163900,0.03353605,0.05254511,0.09944862,-0.00207300
75241,20070403,PXD,0.00692700,0.00900000,-0.00207300,0.04495205,0.07847859,0.15968609,0.04486100
75241,20070404,PXD,0.04586100,0.00100000,0.04486100,0.05946171,0.09751279,0.16234375,0.01541700
75241,20070405,PXD,0.01841700,0.00300000,0.01541700,0.05507108,0.05527887,0.15739061,-0.00573600
75241,20070409,PXD,-0.00473600,0.00100000,-0.00573600,0.02916152,0.07410920,0.16018546,0.01928000
75241,20070410,PXD,0.02228000,0.00300000,0.01928000,0.01249790,0.07424647,0.13125878,-0.00082900
75241,20070411,PXD,-0.00782900,-0.00700000,-0.00082900,0.02508429,0.03503473,0.11729414,0.00658300
75241,20070412,PXD,0.01258300,0.00600000,0.00658300,0.00164271,0.01513301,0.11493114,-0.00405300
75241,20070413,PXD,-0.00105300,0.00300000,-0.00405300,0.00462205,0.02335368,0.08120805,0.00207200
75241,20070416,PXD,0.01307200,0.01100000,0.00207200,-0.02448520,-0.01881020,0.05469526,-0.02218700
75241,20070417,PXD,-0.02018700,0.00200000,-0.02218700,-0.03490764,-0.03277586,0.04072647,-0.01459400
75241,20070418,PXD,-0.01359400,0.00100000,-0.01459400,-0.03696209,-0.03943767,-0.00545724,-0.00050700
75241,20070419,PXD,-0.00150700,-0.00100000,-0.00050700,-0.01834426,-0.03879339,-0.02414386,-0.00317700
75241,20070420,PXD,0.00582300,0.00900000,-0.00317700,0.07585178,0.03658352,0.06158753,0.07918700
75241,20070423,PXD,0.07718700,-0.00200000,0.07918700,0.06547934,0.04930707,0.03017780,-0.01015100
75241,20070424,PXD,-0.01015100,-0.00000000,-0.01015100,0.07242384,0.06902269,0.03505893,0.00327200
75241,20070425,PXD,0.01327200,0.01000000,0.00327200,-0.00839185,0.06807288,0.02641146,-0.00138100
75241,20070426,PXD,-0.00238100,-0.00100000,-0.00138100,-0.00195164,0.06678513,0.02660895,-0.00378000
75241,20070427,PXD,-0.00378000,-0.00000000,-0.00378000,0.00522122,-0.00171382,0.03482517,0.01039600
75241,20070430,PXD,0.00239600,-0.00800000,0.01039600,0.00840527,0.01035657,0.06043991,0.00178100
75241,20070501,PXD,0.00478100,0.00300000,0.00178100,0.02201709,0.01672472,0.08716618,0.00966200
75241,20070502,PXD,0.01566200,0.00600000,0.00966200,0.01224493,0.01892106,0.08892228,0.00068500
75241,20070503,PXD,0.00468500,0.00400000,0.00068500,-0.00332070,0.00901496,0.07692980,-0.01346300
75241,20070504,PXD,-0.01146300,0.00200000,-0.01346300,-0.04045244,-0.02967886,-0.03140012,-0.02776400
75241,20070507,PXD,-0.02476400,0.00300000,-0.02776400,-0.04460724,-0.03508016,-0.02507878,-0.00383700
75241,20070508,PXD,-0.00483700,-0.00100000,-0.00383700,-0.03723564,-0.04988506,-0.03380726,-0.00583500
75241,20070509,PXD,-0.00283500,0.00300000,-0.00583500,-0.02202757,-0.06169229,-0.04437793,-0.01260400
75241,20070510,PXD,-0.02660400,-0.01400000,-0.01260400,-0.00168176,-0.03307413,-0.02457992,0.01733200
75241,20070511,PXD,0.02733200,0.01000000,0.01733200,-0.00381849,-0.01338532,-0.04278645,-0.00795100
75241,20070514,PXD,-0.00995100,-0.00200000,-0.00795100,0.00408612,-0.01448317,-0.04911349,-0.00494900
75241,20070515,PXD,-0.00594900,-0.00100000,-0.00494900,-0.02384711,-0.01968157,-0.06889243,-0.01106400
75241,20070516,PXD,-0.00206400,0.00900000,-0.01106400,0.00019581,0.00939186,-0.05387292,0.01630200
75241,20070517,PXD,0.01530200,-0.00100000,0.01630200,0.00269964,-0.01037922,-0.04351583,-0.00251900
75241,20070518,PXD,0.00448100,0.00700000,-0.00251900,0.02590822,0.00958124,-0.00418703,0.01178800
75241,20070521,PXD,0.01378800,0.00200000,0.01178800,0.00767811,0.01303667,-0.00192197,-0.00160000
75241,20070522,PXD,-0.00260000,-0.00100000,-0.00160000,0.01074963,0.02482147,0.00457841,0.00059900
75241,20070523,PXD,-0.00040100,-0.00100000,0.00059900,-0.00742064,0.00164851,0.01105175,-0.00644900
75241,20070524,PXD,-0.01644900,-0.01000000,-0.00644900,-0.00077224,0.00931190,-0.00099974,0.00519800
75241,20070525,PXD,0.01019800,0.00500000,0.00519800,-0.00215533,-0.00314682,0.00630532,-0.00078900
75241,20070529,PXD,0.00121100,0.00200000,-0.00078900,0.02715310,0.02075414,0.03444566,0.02245000
75241,20070530,PXD,0.03045000,0.00800000,0.02245000,0.03218042,0.03059142,0.05647746,0.01017600
75241,20070531,PXD,0.01017600,0.00000000,0.01017600,0.02708846,0.03186235,0.03349700,-0.00574400
75241,20070601,PXD,-0.00174400,0.00400000,-0.00574400,0.02549801,0.04811843,0.05778504,0.02089900
75241,20070604,PXD,0.02289900,0.00200000,0.02089900,0.02071824,0.05453433,0.05091207,0.00556900
75241,20070605,PXD,0.00056900,-0.00500000,0.00556900,0.01392278,0.01840131,0.03944263,-0.01204700
75241,20070606,PXD,-0.02104700,-0.00900000,-0.01204700,-0.01363926,0.00070099,0.03052540,-0.00737300
75241,20070607,PXD,-0.02537300,-0.01800000,-0.00737300,-0.02804588,-0.00264074,0.02847856,-0.00921100
75241,20070608,PXD,0.00178900,0.01100000,-0.00921100,-0.00328551,-0.00971262,0.03681632,0.01348100
75241,20070611,PXD,0.01448100,0.00100000,0.01348100,0.01124395,-0.00833668,0.04425116,0.00689400
75241,20070612,PXD,-0.00410600,-0.01100000,0.00689400,0.02789248,0.01072246,0.02919091,0.00718700
75241,20070613,PXD,0.02218700,0.01500000,0.00718700,0.03044935,0.03526823,0.03509568,0.01593700
75241,20070614,PXD,0.02093700,0.00500000,0.01593700,0.02776059,0.04892659,0.04517769,0.00391200
75241,20070615,PXD,0.01091200,0.00700000,0.00391200,0.02893015,0.04376153,0.03260070,0.00863100
75241,20070618,PXD,0.00763100,-0.00100000,0.00863100,-0.00254863,0.02104201,0.01174776,-0.01492900
75241,20070619,PXD,-0.01292900,0.00200000,-0.01492900,-0.01359766,0.00574770,0.01650583,-0.00733200
75241,20070620,PXD,-0.02133200,-0.01400000,-0.00733200,-0.00996836,0.00240207,0.03780033,0.01254700
75241,20070621,PXD,0.01854700,0.00600000,0.01254700,-0.00615433,-0.01238168,0.03475084,-0.01102900
75241,20070622,PXD,-0.02402900,-0.01300000,-0.01102900,-0.02015408,-0.04120554,-0.00082237,-0.02142800
75241,20070625,PXD,-0.02442800,-0.00300000,-0.02142800,-0.06143307,-0.05642707,-0.03873079,-0.03110900
75241,20070626,PXD,-0.03410900,-0.00300000,-0.03110900,-0.05334943,-0.05187945,-0.04639474,-0.00124300
75241,20070627,PXD,0.00775700,0.00900000,-0.00124300,-0.04836226,-0.07814676,-0.07594539,-0.01620400
75241,20070628,PXD,-0.01620400,-0.00000000,-0.01620400,-0.01269742,-0.06403853,-0.07435818,0.00488200
75241,20070629,PXD,0.00288200,-0.00200000,0.00488200,-0.02011900,-0.05246564,-0.09097524,-0.00874200
75241,20070702,PXD,0.00225800,0.01100000,-0.00874200,-0.00210291,-0.01988626,-0.07590617,0.00173500
75241,20070703,PXD,0.00573500,0.00400000,0.00173500,-0.01175952,-0.02314207,-0.07440018,-0.00468400
75241,20070705,PXD,-0.00468400,0.00000000,-0.00468400,0.00200040,-0.00184778,-0.08108600,0.00498000
75241,20070706,PXD,0.00798000,0.00300000,0.00498000,0.00903137,0.00203745,-0.06335323,0.00874400
75241,20070709,PXD,0.00974400,0.00100000,0.00874400,0.01066611,0.00773121,-0.04470437,-0.00288800
75241,20070710,PXD,-0.01688800,-0.01400000,-0.00288800,0.00120399,0.00146470,-0.01833648,-0.00456900
75241,20070711,PXD,0.00143100,0.00600000,-0.00456900,-0.02141852,-0.00785258,-0.03125781,-0.01409900
75241,20070712,PXD,0.00490100,0.01900000,-0.01409900,-0.02000978,-0.01399729,-0.01607127,-0.00117100
75241,20070713,PXD,0.00182900,0.00300000,-0.00117100,-0.03655376,-0.04353314,-0.04239222,-0.02112400
75241,20070716,PXD,-0.02312400,-0.00200000,-0.02112400,-0.02578600,-0.04474316,-0.03688320,-0.00353000
75241,20070717,PXD,-0.00353000,-0.00000000,-0.00353000,0.00359026,-0.01164237,-0.01012051,0.02888100
75241,20070718,PXD,0.02688100,-0.00200000,0.02888100,0.02437889,0.00148294,-0.00638279,-0.00095600
75241,20070719,PXD,0.00304400,0.00400000,-0.00095600,0.02274394,-0.00218632,-0.01601725,-0.00479100
75241,20070720,PXD,-0.01679100,-0.01200000,-0.00479100,-0.01923254,0.00549822,-0.03798834,-0.01364200
75241,20070723,PXD,-0.00864200,0.00500000,-0.01364200,-0.04247190,-0.01648564,-0.05980429,-0.02524700
75241,20070724,PXD,-0.04524700,-0.02000000,-0.02524700,-0.02151134,-0.02690603,-0.03850751,0.01804400
75241,20070725,PXD,0.02304400,0.00500000,0.01804400,-0.00064441,-0.01816783,-0.01683219,0.00748800
75241,20070726,PXD,-0.01551200,-0.02300000,0.00748800,0.03752087,-0.00158563,-0.00364358,0.01254600
75241,20070727,PXD,-0.00345400,-0.01600000,0.01254600,0.00096901,-0.00696286,-0.00170769,-0.01931300
75241,20070730,PXD,-0.00931300,0.01000000,-0.01931300,0.00116489,0.02598027,0.00902482,0.00775300
75241,20070731,PXD,-0.00524700,-0.01300000,0.00775300,-0.00493091,0.01495777,-0.01168218,0.00662600
75241,20070801,PXD,0.01362600,0.00700000,0.00662600,0.01916795,0.01236289,-0.00643016,0.00467300
75241,20070802,PXD,0.00867300,0.00400000,0.00467300,-0.00438954,-0.01552177,-0.01630063,-0.01513200
75241,20070803,PXD,-0.04213200,-0.02700000,-0.01513200,-0.05129118,-0.03731390,-0.04234699,-0.04172900
75241,20070806,PXD,-0.01772900,0.02400000,-0.04172900,-0.08874405,-0.07931770,-0.05212761,-0.03501500
75241,20070807,PXD,-0.02901500,0.00600000,-0.03501500,-0.08810235,-0.09631634,-0.07912911,-0.01117600
75241,20070808,PXD,0.00282400,0.01400000,-0.01117600,-0.03220380,-0.08518277,-0.07334384,0.01310700
75241,20070809,PXD,-0.01689300,-0.03000000,0.01310700,-0.01416703,-0.08863172,-0.10126818,-0.01670600
75241,20070810,PXD,-0.01670600,0.00000000,-0.01670600,0.03140841,-0.01438317,-0.05068510,0.03592200
75241,20070813,PXD,0.03592200,-0.00000000,0.03592200,0.02110243,0.02306621,-0.05506567,0.00277000
75241,20070814,PXD,-0.01523000,-0.01800000,0.00277000,0.02689332,0.02278579,-0.06940412,-0.01050600
75241,20070815,PXD,-0.02450600,-0.01400000,-0.01050600,-0.02246890,-0.00480817,-0.08705650,-0.01543900
75241,20070816,PXD,-0.01243900,0.00300000,-0.01543900,-0.02343669,0.01475804,-0.07458192,0.00290800
75241,20070817,PXD,0.02790800,0.02500000,0.00290800,-0.03197760,-0.03854740,-0.05190502,-0.01874100
75241,20070820,PXD,-0.01874100,-0.00000000,-0.01874100,-0.00626685,-0.03230160,-0.00853923,0.01001900
75241,20070821,PXD,0.01101900,0.00100000,0.01001900,-0.00820633,-0.02145216,0.00309354,0.00083600
75241,20070822,PXD,0.01283600,0.01200000,0.00083600,-0.01297786,-0.02964234,-0.03363234,-0.02339000
75241,20070823,PXD,-0.02439000,-0.00100000,-0.02339000,-0.02190896,-0.03087025,-0.01607059,0.00123500
75241,20070824,PXD,0.01323500,0.01200000,0.00123500,-0.02269260,-0.01223199,-0.05082739,-0.00043400
75241,20070827,PXD,-0.00943400,-0.00900000,-0.00043400,0.00399799,-0.01844341,-0.05011640,0.00322000
75241,20070828,PXD,-0.01978000,-0.02300000,0.00322000,0.00347804,-0.01879195,-0.04062811,0.00067100
75241,20070829,PXD,0.02267100,0.02200000,0.00067100,0.00037213,0.00115335,-0.02840237,-0.00355200
75241,20070830,PXD,-0.00755200,-0.00400000,-0.00355200,-0.00643852,-0.00340548,-0.03414140,-0.00339100
75241,20070831,PXD,0.00760900,0.01100000,-0.00339100,0.01415597,0.01820640,0.00583393,0.02118200
75241,20070904,PXD,0.03118200,0.01000000,0.02118200,0.04391696,0.04158297,0.02148477,0.02522900
75241,20070905,PXD,0.01322900,-0.01200000,0.02522900,0.05561952,0.04864996,0.02879615,0.00812400
75241,20070906,PXD,0.01212400,0.00400000,0.00812400,0.03979413,0.05881915,0.05988101,0.00663400
75241,20070907,PXD,-0.01036600,-0.01700000,0.00663400,0.02361410,0.07095638,0.06710812,0.00891400
75241,20070910,PXD,0.00791400,-0.00100000,0.00891400,0.02082100,0.05477151,0.07460071,0.00516900
75241,20070911,PXD,0.01916900,0.01400000,0.00516900,0.02472331,0.03965487,0.08394414,0.01019700
75241,20070912,PXD,0.01019700,0.00000000,0.01019700,-0.00132657,0.01446729,0.06413052,-0.01652400
75241,20070913,PXD,-0.00852400,0.00800000,-0.01652400,-0.00641389,0.00777397,0.06825723,0.00000000
75241,20070914,PXD,0.00000000,0.00000000,0.00000000,0.00197522,0.01764110,0.09077077,0.01857500
75241,20070917,PXD,0.01357500,-0.00500000,0.01857500,0.00465190,-0.00190762,0.05453797,-0.01426800
75241,20070918,PXD,0.01473200,0.02900000,-0.01426800,-0.00556418,-0.02253645,0.01774674,-0.00996000
75241,20070919,PXD,-0.00396000,0.00600000,-0.00996000,-0.01542822,0.00345606,0.01831593,0.00876700
75241,20070920,PXD,0.00176700,-0.00700000,0.00876700,0.00044665,0.00512967,0.01326861,0.00161400
75241,20070921,PXD,0.00661400,0.00500000,0.00161400,0.00724653,-0.01696444,0.00058120,-0.00310300
75241,20070924,PXD,-0.00810300,-0.00500000,-0.00310300,-0.01276125,-0.01389113,-0.01621537,-0.01126100
75241,20070925,PXD,-0.01126100,-0.00000000,-0.01126100,-0.02735149,-0.01715358,-0.03991295,-0.01326300
75241,20070926,PXD,-0.00826300,0.00500000,-0.01326300,-0.00585851,-0.00738079,-0.00408735,0.01904000
75241,20070927,PXD,0.02304000,0.00400000,0.01904000,0.00164898,-0.01274109,-0.00802734,-0.00384500
75241,20070928,PXD,-0.00684500,-0.00300000,-0.00384500,0.01084667,-0.01413706,-0.03157965,-0.00432900
75241,20071001,PXD,0.00867100,0.01300000,-0.00432900,-0.01106437,-0.00560357,-0.01967580,-0.00286500
75241,20071002,PXD,-0.00286500,-0.00000000,-0.00286500,-0.01082465,0.00417059,-0.01321631,-0.00362100
75241,20071003,PXD,-0.00862100,-0.00500000,-0.00362100,0.01226753,0.00411957,-0.00330566,0.01895900
75241,20071004,PXD,0.02095900,0.00200000,0.01895900,0.01028155,0.00307193,-0.00996081,-0.00497700
75241,20071005,PXD,0.00502300,0.01000000,-0.00497700,0.00729299,0.00069006,-0.01349929,-0.00656100
75241,20071008,PXD,-0.00956100,-0.00300000,-0.00656100,0.00310061,0.01853358,0.01311252,0.01481700
75241,20071009,PXD,0.02281700,0.00800000,0.01481700,0.01724309,0.03180198,0.03645187,0.00907900
75241,20071010,PXD,0.00707900,-0.00200000,0.00907900,0.03085861,0.01915007,0.02351374,0.00670400
75241,20071011,PXD,0.00170400,-0.00500000,0.00670400,0.02540615,0.03378293,0.03764503,0.00945900
75241,20071012,PXD,0.01445900,0.00500000,0.00945900,0.03614040,0.06110700,0.06207849,0.01973800
75241,20071015,PXD,0.01173800,-0.00800000,0.01973800,0.04616667,0.06219957,0.08231656,0.01653000
75241,20071016,PXD,0.00953000,-0.00700000,0.01653000,0.03162865,0.04814293,0.08178575,-0.00466800
75241,20071017,PXD,-0.00266800,0.00200000,-0.00466800,0.02921168,0.05921188,0.07979252,0.01725500
75241,20071018,PXD,0.01625500,-0.00100000,0.01725500,0.00142826,0.03687348,0.07067281,-0.01064700
75241,20071019,PXD,-0.03664700,-0.02600000,-0.01064700,-0.00613630,0.00539877,0.06511461,-0.01240700
75241,20071022,PXD,-0.00840700,0.00400000,-0.01240700,-0.03387205,-0.02195205,0.03848776,-0.01154300
75241,20071023,PXD,-0.00254300,0.00900000,-0.01154300,-0.01836587,-0.01192819,0.03501267,0.00561200
75241,20071024,PXD,0.00361200,-0.00200000,0.00561200,0.00547090,-0.01755104,0.03981726,0.01137500
75241,20071025,PXD,0.01037500,-0.00100000,0.01137500,0.03260088,0.00801746,0.04575918,0.01512800
75241,20071026,PXD,0.02912800,0.01400000,0.01512800,0.03716440,0.03118081,0.03600579,0.00984600
75241,20071029,PXD,0.01384600,0.00400000,0.00984600,0.02870538,0.04633384,0.02259823,0.00338900
75241,20071030,PXD,-0.00261100,-0.00600000,0.00338900,0.02893991,0.05717787,0.04336272,0.01538600
75241,20071031,PXD,0.02738600,0.01200000,0.01538600,0.02966567,0.05576163,0.03636967,0.01110400
75241,20071101,PXD,-0.01489600,-0.02600000,0.01110400,0.05601679,0.06969085,0.07982645,0.02924300
75241,20071102,PXD,0.03024300,0.00100000,0.02924300,0.04264175,0.06190923,0.09576182,0.00287600
75241,20071105,PXD,-0.00212400,-0.00500000,0.00287600,0.07402729,0.10152553,0.15316823,0.04044800
75241,20071106,PXD,0.05244800,0.01200000,0.04044800,0.05354803,0.09337952,0.15537869,0.01097900
75241,20071107,PXD,-0.01802100,-0.02900000,0.01097900,0.05142501,0.08433979,0.14334914,0.00062500
75241,20071108,PXD,-0.00037500,-0.00100000,0.00062500,-0.01345535,0.02725709,0.09585729,-0.02534100
75241,20071109,PXD,-0.03934100,-0.01400000,-0.02534100,-0.07104450,-0.02385572,0.03456783,-0.04850200
75241,20071112,PXD,-0.05850200,-0.01000000,-0.04850200,-0.05465445,-0.04201612,0.05291117,0.02112400
75241,20071113,PXD,0.05012400,0.02900000,0.02112400,-0.02951953,-0.05334896,0.03720753,0.00029400
75241,20071114,PXD,-0.00670600,-0.00700000,0.00029400,0.02006946,-0.05413975,0.02552773,-0.00090000
75241,20071115,PXD,-0.01390000,-0.01300000,-0.00090000,0.00278034,-0.02682092,0.00078841,0.00345800
75241,20071116,PXD,0.00845800,0.00500000,0.00345800,0.00229088,0.02314389,-0.00214262,-0.00017300
75241,20071119,PXD,-0.01717300,-0.01700000,-0.00017300,-0.02992580,-0.02991076,-0.06873131,-0.03346000
75241,20071120,PXD,-0.02946000,0.00400000,-0.03346000,-0.05021587,-0.04750351,-0.09619068,-0.01854100
75241,20071121,PXD,-0.03454100,-0.01600000,-0.01854100,-0.06202569,-0.05823607,-0.10791615,-0.01092900
75241,20071123,PXD,0.00607100,0.01700000,-0.01092900,-0.02795237,-0.05898518,-0.08348534,0.00080200
75241,20071126,PXD,-0.02219800,-0.02300000,0.00080200,-0.04472311,-0.09325920,-0.07201559,-0.03527800
75241,20071127,PXD,-0.02027800,0.01500000,-0.03527800,-0.08442153,-0.11200837,-0.13607881,-0.05194700
75241,20071128,PXD,-0.02294700,0.02900000,-0.05194700,-0.06581469,-0.07505380,-0.11803191,0.02233500
75241,20071129,PXD,0.02233500,0.00000000,0.02233500,-0.03453185,-0.06801548,-0.12345068,-0.00417100
75241,20071130,PXD,0.00382900,0.00800000,-0.00417100,0.01831140,-0.06983650,-0.12499477,0.00016700
75241,20071203,PXD,-0.00583300,-0.00600000,0.00016700,0.00461210,-0.02536514,-0.11838492,0.00858000
75241,20071204,PXD,0.00158000,-0.00700000,0.00858000,0.03046163,0.04954451,-0.06806977,0.02172800
75241,20071205,PXD,0.03672800,0.01500000,0.02172800,0.03995268,0.03580177,-0.04246434,0.00869100
75241,20071206,PXD,0.02369100,0.01500000,0.00869100,0.02478716,0.03362219,-0.03672877,-0.00585600
75241,20071207,PXD,-0.00785600,-0.00200000,-0.00585600,0.00348649,0.03473349,-0.03794917,0.00077400
75241,20071210,PXD,0.00877400,0.00800000,0.00077400,0.00727585,0.03819066,0.01249960,0.01227200
75241,20071211,PXD,-0.01272800,-0.02500000,0.01227200,0.03034916,0.03347273,0.08508107,0.01720600
75241,20071212,PXD,0.02320600,0.00600000,0.01720600,0.02156326,0.01653993,0.05290738,-0.00772000
75241,20071213,PXD,-0.00672000,0.00100000,-0.00772000,0.01138974,0.02438463,0.05837594,0.00216100
75241,20071214,PXD,-0.01183900,-0.01400000,0.00216100,0.00114951,0.02967780,0.06469389,0.00665600
75241,20071217,PXD,-0.00834400,-0.01500000,0.00665600,0.00837582,0.01762245,0.05605527,-0.00039000
75241,20071218,PXD,0.00561000,0.00600000,-0.00039000,0.00237872,-0.00307561,0.02952084,-0.00393500
75241,20071219,PXD,-0.00493500,-0.00100000,-0.00393500,-0.00074220,0.00806573,0.02432466,0.00362400
75241,20071220,PXD,0.00862400,0.00500000,0.00362400,0.01111822,0.01752932,0.04220500,0.01143100
75241,20071221,PXD,0.02843100,0.01700000,0.01143100,0.00660706,0.00213301,0.03282587,-0.00841600
75241,20071224,PXD,-0.00041600,0.00800000,-0.00841600,0.00547612,0.00513833,0.02330177,0.00253500
75241,20071226,PXD,0.00353500,0.00100000,0.00253500,0.01634178,0.03208871,0.02812570,0.02208100
75241,20071227,PXD,0.00808100,-0.01400000,0.02208100,0.03760386,0.04148968,0.04920258,0.01277200
75241,20071228,PXD,0.01377200,0.00100000,0.01277200,0.03194138,0.02626783,0.04437261,-0.00273200
75241,20071231,PXD,-0.00973200,-0.00700000,-0.00273200,0.03348950,0.05804671,0.06228908,0.02362300
75241,20080102,PXD,0.00962300,-0.01400000,0.02362300,0.02657918,0.06141007,0.06854938,0.00588100
75241,20080103,PXD,0.00588100,0.00000000,0.00588100,0.02308870,0.03270871,0.06497273,-0.00564500
75241,20080104,PXD,-0.03064500,-0.02500000,-0.00564500,-0.01726797,0.00297801,0.04286543,-0.01776700
75241,20080107,PXD,-0.01476700,0.00300000,-0.01776700,-0.02020152,0.00787183,0.03286371,0.00237800
75241,20080108,PXD,-0.01562200,-0.01800000,0.00237800,-0.00809535,-0.00783779,0.04848734,0.00744500
75241,20080109,PXD,0.02144500,0.01400000,0.00744500,-0.01701459,-0.03921914,0.01996939,-0.02668600
75241,20080110,PXD,-0.01868600,0.00800000,-0.02668600,0.00935267,-0.00615158,0.02638817,0.02876200
75241,20080111,PXD,0.01476200,-0.01400000,0.02876200,0.00630573,0.01612725,0.01846926,0.00439100
75241,20080114,PXD,0.01539100,0.01100000,0.00439100,-0.03054788,-0.04981909,-0.03974475,-0.06137900
75241,20080115,PXD,-0.08637900,-0.02500000,-0.06137900,-0.09640368,-0.09412522,-0.09855091,-0.04172700
75241,20080116,PXD,-0.04772700,-0.00600000,-0.04172700,-0.10944190,-0.08120959,-0.11331744,-0.01515300
75241,20080117,PXD,-0.04415300,-0.02900000,-0.01515300,-0.04165542,-0.09432801,-0.09887012,0.01424000
75241,20080118,PXD,0.00824000,-0.00600000,0.01424000,-0.01684868,-0.10928714,-0.09619011,-0.01599400
75241,20080122,PXD,-0.02699400,-0.01100000,-0.01599400,-0.04141363,-0.09284640,-0.13587210,-0.04008900
75241,20080123,PXD,-0.01908900,0.02100000,-0.04008900,-0.00476113,-0.00606808,-0.09799013,0.05357000
75241,20080124,PXD,0.06357000,0.01000000,0.05357000,0.01379461,0.01146031,-0.07118884,0.00185000
75241,20080125,PXD,-0.01415000,-0.01600000,0.00185000,0.05521386,-0.00328790,-0.09916589,-0.00043000
75241,20080128,PXD,0.01757000,0.01800000,-0.00043000,0.00642775,0.01885651,-0.09818474,0.00494400
75241,20080129,PXD,0.01094400,0.00600000,0.00494400,0.01343036,0.06980072,-0.03288747,0.00860800
75241,20080130,PXD,0.00360800,-0.00500000,0.00860800,0.00098188,0.00247059,-0.00377087,-0.01268600
75241,20080131,PXD,0.00431400,0.01700000,-0.01268600,0.00480840,0.00965532,0.02176105,0.00876400
75241,20080201,PXD,0.02076400,0.01200000,0.00876400,0.02207503,0.03627618,0.03358761,0.02543100
75241,20080204,PXD,0.01543100,-0.01000000,0.02543100,0.02087232,0.01718057,0.03668287,-0.01220900
75241,20080205,PXD,-0.04420900,-0.03200000,-0.01220900,-0.00536511,-0.00933736,0.05818636,-0.01801800
75241,20080206,PXD,-0.02601800,-0.00800000,-0.01801800,0.00328018,0.03692496,0.04014056,0.03528500
75241,20080207,PXD,0.04328500,0.00800000,0.03528500,0.05369043,0.06427889,0.07724814,0.03695400
75241,20080208,PXD,0.03295400,-0.00400000,0.03695400,0.07979293,0.04465523,0.08234628,0.00524600
75241,20080211,PXD,0.01124600,0.00600000,0.00524600,0.03605489,0.05298732,0.07024471,-0.00654600
75241,20080212,PXD,0.00045400,0.00700000,-0.00654600,-0.01322405,0.06145268,0.04992287,-0.01173100
75241,20080213,PXD,0.00226900,0.01400000,-0.01173100,-0.00101466,0.04186788,0.07943505,0.01707400
75241,20080214,PXD,0.00407400,-0.01300000,0.01707400,-0.00499482,-0.00639271,0.05872338,-0.01046800
75241,20080215,PXD,-0.00946800,0.00100000,-0.01046800,0.03178704,0.01373849,0.05894233,0.02535100
75241,20080219,PXD,0.02435100,-0.00100000,0.02535100,0.01769991,0.02339081,0.07829386,0.00288700
75241,20080220,PXD,0.01088700,0.00800000,0.00288700,0.01065083,0.01713318,0.07906651,-0.01689000
75241,20080221,PXD,-0.02989000,-0.01300000,-0.01689000,-0.00818640,0.00638885,0.04870642,0.00627300
75241,20080222,PXD,0.01427300,0.00800000,0.00627300,0.00326415,0.03214275,0.02592149,0.01459100
75241,20080225,PXD,0.02859100,0.01400000,0.01459100,0.02827840,0.01309113,0.02744179,0.00668100
75241,20080226,PXD,0.01368100,0.00700000,0.00668100,-0.01158802,-0.02256132,0.00045052,-0.03177600
75241,20080227,PXD,-0.03277600,-0.00100000,-0.03177600,0.01565702,0.03742986,0.05485440,0.04178000
75241,20080228,PXD,0.03278000,-0.00900000,0.04178000,-0.00376687,0.01684574,0.02328553,-0.01246000
75241,20080229,PXD,-0.03946000,-0.02700000,-0.01246000,0.03789326,0.01250484,0.04431568,0.01016300
75241,20080303,PXD,0.01116300,0.00100000,0.01016300,-0.00257614,0.00608902,0.01890010,0.00013000
75241,20080304,PXD,-0.00287000,-0.00300000,0.00013000,0.04188889,0.06942144,0.04706795,0.03131500
75241,20080305,PXD,0.03631500,0.00500000,0.03131500,0.05074993,0.04663534,0.08499061,0.01943600
75241,20080306,PXD,-0.00256400,-0.02200000,0.01943600,0.07147414,0.08207217,0.09850107,0.02042500
75241,20080307,PXD,0.01242500,-0.00800000,0.02042500,0.04629977,0.07780772,0.08849726,0.00717100
75241,20080310,PXD,-0.00782900,-0.01500000,0.00717100,0.03535595,0.08798768,0.09118693,0.00693300
75241,20080311,PXD,0.04393300,0.03700000,0.00693300,0.01250527,0.05276711,0.12287166,-0.00162300
75241,20080312,PXD,-0.01062300,-0.00900000,-0.00162300,0.03138793,0.05980596,0.10693326,0.02535300
75241,20080313,PXD,0.03035300,0.00500000,0.02535300,0.00391856,0.01801650,0.10074978,-0.01867900
75241,20080314,PXD,-0.03967900,-0.02100000,-0.01867900,-0.01633590,-0.01182522,0.06572162,-0.02209300
75241,20080317,PXD,-0.03109300,-0.00900000,-0.02209300,-0.03658718,-0.01358820,0.07386161,0.00516800
75241,20080318,PXD,0.04716800,0.04200000,0.00516800,-0.04873997,-0.04260840,0.00823185,-0.03071000
75241,20080319,PXD,-0.05471000,-0.02400000,-0.03071000,-0.07370663,-0.10995313,-0.05711253,-0.04641100
75241,20080320,PXD,-0.02241100,0.02400000,-0.04641100,-0.07035978,-0.08966093,-0.07204072,0.00658900
75241,20080324,PXD,0.02158900,0.01500000,0.00658900,-0.01750550,-0.04556653,-0.05764407,0.02327200
75241,20080325,PXD,0.02527200,0.00200000,0.02327200,0.07580896,-0.00585679,-0.01950466,0.04363700
75241,20080326,PXD,0.03463700,-0.00900000,0.04363700,0.08286428,0.04281984,-0.00285495,0.01490200
75241,20080327,PXD,0.00390200,-0.01100000,0.01490200,0.06300588,0.09552677,-0.02271093,0.00471700
75241,20080328,PXD,-0.00328300,-0.00800000,0.00471700,0.02475431,0.09317820,0.00137843,0.00511600
75241,20080331,PXD,0.01111600,0.00600000,0.00511600,-0.00843727,0.05179592,0.00632599,-0.01849200
75241,20080401,PXD,0.01750800,0.03600000,-0.01849200,0.02491579,0.04523231,0.03932079,0.03721400
75241,20080402,PXD,0.03521400,-0.00200000,0.03721400,-0.00605359,0.00408788,0.04857374,-0.02419300
75241,20080403,PXD,-0.02319300,0.00100000,-0.02419300,0.05122345,0.03930230,0.14217640,0.03857300
75241,20080404,PXD,0.03957300,0.00100000,0.03857300,0.02112117,0.04173595,0.14151751,0.00751700
75241,20080407,PXD,0.00951700,0.00200000,0.00751700,0.08056544,0.09364970,0.15138606,0.03271500
75241,20080408,PXD,0.02771500,-0.00500000,0.03271500,0.05761782,0.07182187,0.12136497,0.01680600
75241,20080409,PXD,0.00880600,-0.00800000,0.01680600,0.02843183,0.07588402,0.08274964,-0.02073000
75241,20080410,PXD,-0.01673000,0.00400000,-0.02073000,0.01844815,0.05867542,0.10170385,0.02258900
75241,20080411,PXD,0.00258900,-0.02000000,0.02258900,0.04285457,0.09320878,0.14105834,0.04155400
75241,20080414,PXD,0.03855400,-0.00300000,0.04155400,0.07205896,0.06751100,0.16521807,0.00725600
75241,20080415,PXD,0.01225600,0.00500000,0.00725600,0.06388362,0.06492062,0.14143443,0.01279600
75241,20080416,PXD,0.03579600,0.02300000,0.01279600,0.00460483,0.07084799,0.15210052,-0.01506100
75241,20080417,PXD,-0.01406100,0.00100000,-0.01506100,-0.00788854,0.04309739,0.10575521,-0.00494200
75241,20080418,PXD,0.01305800,0.01800000,-0.00494200,-0.00122583,0.01943651,0.11808768,0.01896100
75241,20080421,PXD,0.01696100,-0.00200000,0.01896100,0.02204570,0.01970342,0.09020420,0.00766600
75241,20080422,PXD,-0.00133400,-0.00900000,0.00766600,0.00462338,-0.01542485,0.04906696,-0.02170400
75241,20080423,PXD,-0.01870400,0.00300000,-0.02170400,-0.04530026,-0.03239469,0.03710539,-0.03186800
75241,20080424,PXD,-0.02586800,0.00600000,-0.03186800,-0.02559353,0.00099414,0.04434778,0.02911500
75241,20080425,PXD,0.03511500,0.00600000,0.02911500,-0.01391727,-0.02777900,-0.01005254,-0.01013900
75241,20080428,PXD,-0.01113900,-0.00100000,-0.01013900,-0.00167274,-0.05475694,-0.03763323,-0.01972400
75241,20080429,PXD,-0.02372400,-0.00400000,-0.01972400,-0.01667729,-0.02048060,-0.03585731,0.01326600
75241,20080430,PXD,0.00926600,-0.00400000,0.01326600,-0.04557507,-0.02789404,-0.06027951,-0.03934500
75241,20080501,PXD,-0.02234500,0.01700000,-0.03934500,0.01409935,-0.01646398,-0.01554000,0.04094000
75241,20080502,PXD,0.04394000,0.00300000,0.04094000,0.04844751,0.04094252,0.01203784,0.04692100
75241,20080505,PXD,0.04192100,-0.00500000,0.04692100,0.11026020,0.08242080,0.02293585,0.01822600
75241,20080506,PXD,0.02622600,0.00800000,0.01822600,0.12812750,0.13132224,0.10844441,0.05895200
75241,20080507,PXD,0.04095200,-0.01800000,0.05895200,0.11369384,0.21282820,0.18218817,0.03274900
75241,20080508,PXD,0.03674900,0.00400000,0.03274900,0.09764011,0.16929755,0.15218834,0.00464700
75241,20080509,PXD,-0.00235300,-0.00700000,0.00464700,0.01813676,0.09839300,0.14394412,-0.01896100
75241,20080512,PXD,-0.00796100,0.01100000,-0.01896100,0.00681392,0.10099752,0.19281831,0.02125100
75241,20080513,PXD,0.02125100,-0.00000000,0.02125100,-0.02123629,0.01593441,0.15099534,-0.02306300
75241,20080514,PXD,-0.01906300,0.00400000,-0.02306300,0.00100524,-0.01343727,0.20069039,0.00324100
75241,20080515,PXD,0.01424100,0.01100000,0.00324100,-0.00136191,0.00077505,0.17480075,0.01889200
75241,20080516,PXD,0.01989200,0.00100000,0.01889200,0.02717853,0.02498102,0.12745495,0.00459300
75241,20080519,PXD,0.00559300,0.00100000,0.00459300,0.06054927,0.04024469,0.14569621,0.03623900
75241,20080520,PXD,0.02723900,-0.00900000,0.03623900,0.03664437,0.05977564,0.07718436,-0.00357500
75241,20080521,PXD,-0.01957500,-0.01600000,-0.00357500,0.03947199,0.06355995,0.05074629,0.00733700
75241,20080522,PXD,0.01033700,0.00300000,0.00733700,0.00616492,0.04630064,0.04834651,0.00262900
75241,20080523,PXD,-0.01037100,-0.01300000,0.00262900,0.00480880,0.03673038,0.06255947,-0.00515900
75241,20080527,PXD,0.00184100,0.00700000,-0.00515900,-0.00279009,0.00083622,0.04051205,-0.00032500
75241,20080528,PXD,0.00367500,0.00400000,-0.00032500,-0.03421126,-0.02414943,0.03482787,-0.02852100
75241,20080529,PXD,-0.02352100,0.00500000,-0.02852100,0.00380439,0.00128666,0.06521284,0.03348200
75241,20080530,PXD,0.03548200,0.00200000,0.03348200,0.03871444,0.03344541,0.08048837,0.03426200
75241,20080602,PXD,0.02326200,-0.01100000,0.03426200,0.05232447,0.02276246,0.05947069,-0.01496400
75241,20080603,PXD,-0.02096400,-0.00600000,-0.01496400,0.00439734,0.00849306,0.00919943,-0.01432100
75241,20080604,PXD,-0.01432100,-0.00000000,-0.01432100,0.01284208,0.08308241,0.05732482,0.04391400
75241,20080605,PXD,0.06291400,0.01900000,0.04391400,0.06959710,0.08823141,0.09002442,0.03989200
75241,20080606,PXD,0.00889200,-0.03100000,0.03989200,0.09849647,0.06640201,0.10194113,0.01254900
75241,20080609,PXD,0.01354900,0.00100000,0.01254900,0.03104212,0.06029722,0.08375633,-0.02097200
75241,20080610,PXD,-0.02297200,-0.00200000,-0.02097200,0.01311781,0.09749366,0.10557789,0.02191500
75241,20080611,PXD,0.00491500,-0.01700000,0.02191500,0.00083770,0.05260639,0.13647034,0.00004000
75241,20080612,PXD,0.00304000,0.00300000,0.00004000,-0.00339534,-0.01210107,0.07539399,-0.02554300
75241,20080613,PXD,-0.01054300,0.01500000,-0.02554300,-0.00152178,-0.00068366,0.06560105,0.02424100
75241,20080616,PXD,0.02424100,0.00000000,0.02424100,0.03374951,0.05621324,0.11875879,0.03482800
75241,20080617,PXD,0.02782800,-0.00700000,0.03482800,0.07659959,0.05087539,0.15186405,0.01657900
75241,20080618,PXD,0.00657900,-0.01000000,0.01657900,0.00077374,-0.00075319,0.05194298,-0.04924900
75241,20080619,PXD,-0.04524900,0.00400000,-0.04924900,-0.00316154,0.05492614,0.04253010,0.03032200
75241,20080620,PXD,0.01132200,-0.01900000,0.03032200,0.01092829,0.06204971,0.06126695,0.03137200
75241,20080623,PXD,0.03137200,0.00000000,0.03137200,0.05248601,0.01823569,0.07379416,-0.00899000
75241,20080624,PXD,-0.01199000,-0.00300000,-0.00899000,-0.01547882,-0.03436671,0.01411486,-0.03691500
75241,20080625,PXD,-0.03091500,0.00600000,-0.03691500,0.00401679,0.06461911,0.06396763,0.05035500
75241,20080626,PXD,0.02135500,-0.02900000,0.05035500,0.02235438,0.04418911,0.09849156,0.00955000
75241,20080627,PXD,0.00555000,-0.00400000,0.00955000,0.06381781,0.01703972,0.07780440,0.00374900
75241,20080630,PXD,0.00474900,0.00100000,0.00374900,0.02805571,0.04073548,0.05817444,0.01452300
75241,20080701,PXD,0.01852300,0.00400000,0.01452300,-0.00783573,0.05107614,0.01589915,-0.02527100
75241,20080702,PXD,-0.04327100,-0.01800000,-0.02527100,-0.03660741,-0.02383042,0.03927465,-0.02577700
75241,20080703,PXD,-0.02477700,0.00100000,-0.02577700,-0.08298196,-0.06702114,-0.02466689,-0.03582300
75241,20080707,PXD,-0.04382300,-0.00800000,-0.03582300,-0.10596587,-0.11484928,-0.09650642,-0.04764800
75241,20080708,PXD,-0.03064800,0.01700000,-0.04764800,-0.07397850,-0.11826525,-0.08098779,0.00661100
75241,20080709,PXD,-0.01638900,-0.02300000,0.00661100,0.01265089,-0.04874359,0.00173336,0.05566600
75241,20080710,PXD,0.06266600,0.00700000,0.05566600,0.08644640,0.00034531,-0.02306139,0.02459800
75241,20080711,PXD,0.01359800,-0.01100000,0.02459800,0.09679141,0.05266706,-0.01764063,0.01516000
75241,20080714,PXD,0.00616000,-0.00900000,0.01516000,-0.00497805,0.05432341,-0.06167760,-0.04342200
75241,20080715,PXD,-0.05442200,-0.01100000,-0.04342200,-0.07934514,-0.00389727,-0.12164015,-0.05248200
75241,20080716,PXD,-0.02748200,0.02500000,-0.05248200,-0.15024350,-0.11245294,-0.15525689,-0.05978800
75241,20080717,PXD,-0.04778800,0.01200000,-0.05978800,-0.10089702,-0.12576033,-0.12314393,0.01118700
75241,20080718,PXD,0.01118700,0.00000000,0.01118700,-0.01217128,-0.10636031,-0.05592757,0.03833900
75241,20080721,PXD,0.03733900,-0.00100000,0.03833900,-0.02705832,-0.13764744,-0.08172021,-0.07402800
75241,20080722,PXD,-0.06102800,0.01300000,-0.07402800,-0.09178741,-0.13830234,-0.14184056,-0.05511200
75241,20080723,PXD,-0.05111200,0.00400000,-0.05511200,-0.10090302,-0.05621461,-0.16182902,0.02499500
75241,20080724,PXD,0.00199500,-0.02300000,0.02499500,-0.02316596,-0.05994345,-0.17874077,0.00744800
75241,20080725,PXD,0.01144800,0.00400000,0.00744800,0.03673097,-0.08858953,-0.18546243,0.00472800
75241,20080728,PXD,-0.01427200,-0.01900000,0.00472800,-0.04889172,-0.07684054,-0.20612777,-0.06144200
75241,20080729,PXD,-0.03844200,0.02300000,-0.06144200,-0.00126623,0.03194606,-0.11003009,0.05845900
75241,20080730,PXD,0.07545900,0.01700000,0.05845900,-0.03751554,-0.02498998,-0.08025651,-0.03028900
75241,20080731,PXD,-0.04328900,-0.01300000,-0.03028900,0.04326252,-0.01459761,-0.07369554,0.01777500
75241,20080801,PXD,0.01177500,-0.00600000,0.01777500,-0.06059664,-0.06876460,-0.15081660,-0.04918800
75241,20080804,PXD,-0.05818800,-0.00900000,-0.04918800,-0.08174456,-0.05864054,-0.13163234,-0.05106500
75241,20080805,PXD,-0.02206500,0.02900000,-0.05106500,-0.05155923,-0.06330853,-0.03334690,0.05151300
75241,20080806,PXD,0.05451300,0.00300000,0.05151300,-0.01456806,-0.04646848,-0.07078530,-0.01332500
75241,20080807,PXD,-0.03132500,-0.01800000,-0.01332500,-0.01129204,-0.10995583,-0.12350847,-0.04767900
75241,20080808,PXD,-0.02367900,0.02400000,-0.04767900,-0.06481511,-0.06769278,-0.13568341,-0.00482800
75241,20080811,PXD,0.00217200,0.00700000,-0.00482800,-0.02886649,0.00773443,-0.05142741,0.02373900
75241,20080812,PXD,0.01173900,-0.01200000,0.02373900,0.09603280,0.03147431,-0.03355722,0.07601000
75241,20080813,PXD,0.07301000,-0.00300000,0.07601000,0.08472651,0.03065084,-0.01830666,-0.01515000
75241,20080814,PXD,-0.00915000,0.00600000,-0.01515000,0.03549128,0.05513949,-0.05951424,-0.02347600
75241,20080815,PXD,-0.01947600,0.00400000,-0.02347600,-0.05043846,0.04529823,-0.02206324,-0.01291100
75241,20080818,PXD,-0.02791100,-0.01500000,-0.01291100,0.01828148,0.07844478,0.08692535,0.05638400
75241,20080819,PXD,0.04738400,-0.00900000,0.05638400,0.07485755,0.03494901,0.06717737,0.03200900
75241,20080820,PXD,0.03800900,0.00600000,0.03200900,0.11555688,0.07439836,0.10858271,0.02311300
75241,20080821,PXD,0.02511300,0.00200000,0.02311300,0.03101778,0.07439874,0.13349212,-0.02411800
75241,20080822,PXD,-0.01311800,0.01100000,-0.02411800,0.01339541,0.10415822,0.15162482,0.01455500
75241,20080825,PXD,-0.00544500,-0.02000000,0.01455500,0.02027302,0.07734186,0.16074878,0.03013900
75241,20080826,PXD,0.03413900,0.00400000,0.03013900,0.06106057,0.06042752,0.09715953,0.01566900
75241,20080827,PXD,0.02366900,0.00800000,0.01566900,0.00402890,-0.00556957,0.06980181,-0.04085900
75241,20080828,PXD,-0.02585900,0.01500000,-0.04085900,-0.02514528,0.01911826,0.09428715,0.00041500
75241,20080829,PXD,-0.01358500,-0.01400000,0.00041500,-0.09079249,-0.04967996,0.05072843,-0.05314700
75241,20080902,PXD,-0.05714700,-0.00400000,-0.05314700,-0.08424528,-0.10941522,-0.04061976,-0.03477000
75241,20080903,PXD,-0.03677000,-0.00200000,-0.03477000,-0.06281035,-0.09880930,-0.04693564,0.02250500
75241,20080904,PXD,-0.00749500,-0.03000000,0.02250500,-0.00433671,-0.05458513,-0.06056565,0.00811800
75241,20080905,PXD,0.01211800,0.00400000,0.00811800,-0.02187202,-0.10520107,-0.08753521,-0.05292800
75241,20080908,PXD,-0.03192800,0.02100000,-0.05292800,-0.11703163,-0.12381520,-0.16637455,-0.07480100
75241,20080909,PXD,-0.10880100,-0.03400000,-0.07480100,-0.06386801,-0.03374425,-0.13587152,0.07002600
75241,20080910,PXD,0.07602600,0.00600000,0.07002600,-0.06301385,-0.10636102,-0.19193272,-0.05213100
75241,20080911,PXD,-0.03813100,0.01400000,-0.05213100,0.03942044,-0.09226474,-0.13805731,0.02365100
75241,20080912,PXD,0.02565100,0.00200000,0.02365100,-0.04565778,-0.05621904,-0.14864169,-0.01779700
75241,20080915,PXD,-0.06479700,-0.04700000,-0.01779700,0.02149324,0.03674121,-0.09210626,0.01785900
75241,20080916,PXD,0.03585900,0.01800000,0.01785900,0.01329826,-0.01414233,-0.04488686,0.01512000
75241,20080917,PXD,-0.03188000,-0.04700000,0.01512000,0.00251284,0.00674707,-0.09667269,-0.03148500
75241,20080918,PXD,0.01151500,0.04300000,-0.03148500,0.01985034,0.01776647,-0.07625966,0.03589400
75241,20080919,PXD,0.07589400,0.04000000,0.03589400,0.07266089,0.10697038,0.03772797,0.06361700
75241,20080922,PXD,0.02561700,-0.03800000,0.06361700,0.14394744,0.12648045,0.16602024,0.03862400
75241,20080923,PXD,0.02262400,-0.01600000,0.03862400,0.10744726,0.12029904,0.09681231,0.00518600
75241,20080924,PXD,0.00318600,-0.00200000,0.00518600,0.05045348,0.15882060,0.16129220,0.00558200
75241,20080925,PXD,0.02558200,0.02000000,0.00558200,-0.01057160,0.09327272,0.11237024,-0.02089100
75241,20080926,PXD,-0.01789100,0.00300000,-0.02089100,-0.03212904,0.00795282,0.10691514,-0.01756800
75241,20080929,PXD,-0.10556800,-0.08800000,-0.01756800,-0.06224010,-0.05353684,0.06497437,-0.02729100
75241,20080930,PXD,0.02670900,0.05400000,-0.02729100,-0.07237287,-0.08803371,0.01690929,-0.03229900
75241,20081001,PXD,-0.03729900,-0.00500000,-0.03229900,-0.10752691,-0.13100731,-0.00583206,-0.05020500
75241,20081002,PXD,-0.09020500,-0.04000000,-0.05020500,-0.06787948,-0.10276467,-0.02446465,0.01181600
75241,20081003,PXD,-0.00218400,-0.01400000,0.01181600,-0.02667195,-0.08122926,-0.06748685,0.01164200
75241,20081006,PXD,-0.02735800,-0.03900000,0.01164200,-0.02718962,-0.09470694,-0.13357358,-0.05033600
75241,20081007,PXD,-0.10733600,-0.05700000,-0.05033600,-0.06303089,-0.09195158,-0.15656370,-0.02933300
75241,20081008,PXD,-0.04033300,-0.01100000,-0.02933300,-0.10409739,-0.08123252,-0.17114152,-0.03957700
75241,20081009,PXD,-0.11557700,-0.07600000,-0.03957700,-0.14158987,-0.15722582,-0.21026613,-0.09105900
75241,20081010,PXD,-0.10305900,-0.01200000,-0.09105900,-0.07502243,-0.14166447,-0.20081808,0.07373500
75241,20081013,PXD,0.18973500,0.11600000,0.07373500,-0.07333532,-0.13364727,-0.19636121,-0.03563500
75241,20081014,PXD,-0.04063500,-0.00500000,-0.03563500,-0.08664212,-0.18962183,-0.22825491,-0.10060100
75241,20081015,PXD,-0.19060101,-0.09000000,-0.10060100,-0.10942817,-0.15028550,-0.19509310,0.03226900
75241,20081016,PXD,0.07526900,0.04300000,0.03226900,-0.07282376,-0.05390201,-0.20033915,0.00633300
75241,20081017,PXD,0.00033300,-0.00600000,0.00633300,0.09055511,-0.06977812,-0.19578213,0.04630200
75241,20081020,PXD,0.09430200,0.04800000,0.04630200,0.06658114,-0.02160358,-0.14681514,0.01394800
75241,20081021,PXD,-0.01705200,-0.03100000,0.01394800,-0.03020679,0.00458816,-0.18409797,-0.08057399
75241,20081022,PXD,-0.14157400,-0.06100000,-0.08057399,-0.13944198,-0.10383342,-0.23681467,-0.08589800
75241,20081023,PXD,-0.07289800,0.01300000,-0.08589800,-0.16388819,-0.12109084,-0.17057378,-0.01755000
75241,20081024,PXD,-0.05255000,-0.03500000,-0.01755000,-0.16640107,-0.20295800,-0.24558200,-0.08016101
75241,20081027,PXD,-0.11216100,-0.03200000,-0.08016101,-0.11052123,-0.24875508,-0.25421952,-0.00897200
75241,20081028,PXD,0.09902800,0.10800000,-0.00897200,-0.03157599,-0.13292177,-0.12725895,0.06573700
75241,20081029,PXD,0.05473700,-0.01100000,0.06573700,0.11493791,-0.00780544,-0.11573345,0.04306200
75241,20081030,PXD,0.06906200,0.02600000,0.04306200,0.14185466,0.03873478,-0.10234670,0.02420800
75241,20081031,PXD,0.03920800,0.01500000,0.02420800,-0.01032133,0.05383409,-0.19548937,-0.07173900
75241,20081103,PXD,-0.07473900,-0.00300000,-0.07173900,0.03729459,0.16094986,-0.14748695,0.09336900
75241,20081104,PXD,0.13436900,0.04100000,0.09336900,-0.09210359,-0.03392929,-0.16672440,-0.09831800
75241,20081105,PXD,-0.15131800,-0.05300000,-0.09831800,-0.02740974,-0.07357215,-0.08409117,-0.00566800
75241,20081106,PXD,-0.05566800,-0.05000000,-0.00566800,-0.08767105,-0.08117760,-0.05560072,0.01670700
75241,20081107,PXD,0.04570700,0.02900000,0.01670700,0.03838449,0.01465743,0.06867069,0.02893100
75241,20081110,PXD,0.01593100,-0.01300000,0.02893100,0.02039011,-0.08121100,0.04394436,-0.02383800
75241,20081111,PXD,-0.04583800,-0.02200000,-0.02383800,-0.02252612,-0.01314426,-0.04335919,-0.02722500
75241,20081112,PXD,-0.07922500,-0.05200000,-0.02722500,-0.00720106,0.03867774,-0.04024728,0.05090800
75241,20081113,PXD,0.11990800,0.06900000,0.05090800,-0.03237500,-0.02742517,-0.10019922,-0.04790600
75241,20081114,PXD,-0.08990600,-0.04200000,-0.04790600,0.00115082,-0.04744177,-0.03226520,0.00579300
75241,20081117,PXD,-0.02020700,-0.02600000,0.00579300,-0.02742511,-0.01153229,-0.08693034,0.01612300
75241,20081118,PXD,0.02612300,0.01000000,0.01612300,-0.00141484,-0.00595027,-0.01767899,-0.02162600
75241,20081119,PXD,-0.08262600,-0.06100000,-0.02162600,-0.15249201,-0.17259997,-0.14848105,-0.15500599
75241,20081120,PXD,-0.22200599,-0.06700000,-0.15500599,-0.11975762,-0.10024233,-0.11631784,0.07404599
75241,20081121,PXD,0.13704599,0.06300000,0.07404599,-0.09227261,-0.09430776,-0.13026593,0.02470800
75241,20081124,PXD,0.08970800,0.06500000,0.02470800,0.05835298,-0.14346403,-0.14688062,-0.03982800
75241,20081125,PXD,-0.03282800,0.00700000,-0.03982800,0.05511644,-0.07019417,-0.07253615,0.07048300
75241,20081126,PXD,0.10548300,0.03500000,0.07048300,-0.03852564,0.06485086,-0.16334026,-0.06148800
75241,20081128,PXD,-0.05148800,0.01000000,-0.06148800,-0.01811042,-0.03672402,-0.13234183,-0.02006400
75241,20081201,PXD,-0.10906400,-0.08900000,-0.02006400,-0.07878525,-0.05845027,-0.14709601,-0.00087200
75241,20081202,PXD,0.03912800,0.04000000,-0.00087200,-0.05026061,-0.04957721,-0.18818498,-0.03030300
75241,20081203,PXD,-0.00430300,0.02600000,-0.03030300,-0.14900816,-0.20367671,-0.27684143,-0.11362600
75241,20081204,PXD,-0.14262600,-0.02900000,-0.11362600,-0.17358489,-0.18304274,-0.16659082,-0.03032900
75241,20081205,PXD,0.00567100,0.03600000,-0.03032900,-0.12576023,-0.16393281,-0.20232389,0.02716300
75241,20081208,PXD,0.06516300,0.03800000,0.02716300,0.01741862,-0.13490980,-0.18784466,0.02005900
75241,20081209,PXD,-0.00294100,-0.02300000,0.02005900,0.10966916,-0.05293829,-0.10235299,0.05761600
75241,20081210,PXD,0.06961600,0.01200000,0.05761600,0.14524302,0.15158679,-0.09664115,0.06540400
75241,20081211,PXD,0.03640400,-0.02900000,0.06540400,0.08303562,0.13558919,-0.07591592,-0.03946400
75241,20081212,PXD,-0.03246400,0.00700000,-0.03946400,-0.02134579,0.05226713,-0.10675831,-0.04585600
75241,20081215,PXD,-0.05885600,-0.01300000,-0.04585600,-0.09515729,0.02603030,-0.11474783,-0.00833500
75241,20081216,PXD,0.04266500,0.05100000,-0.00833500,-0.04841633,-0.02291565,-0.07560380,0.00719700
75241,20081217,PXD,-0.00280300,-0.01000000,0.00719700,-0.08000808,-0.15772593,-0.03327492,-0.07624600
75241,20081218,PXD,-0.09724600,-0.02100000,-0.07624600,-0.06180431,-0.11512502,0.00559132,0.00820800
75241,20081219,PXD,0.01120800,0.00300000,0.00820800,-0.11715697,-0.12253397,-0.07088694,-0.05404400
75241,20081222,PXD,-0.07204400,-0.01800000,-0.05404400,-0.05043813,-0.11267402,-0.09398964,-0.00459800
75241,20081223,PXD,-0.01459800,-0.01000000,-0.00459800,-0.08823399,-0.14809269,-0.16732238,-0.03293600
75241,20081224,PXD,-0.02693600,0.00600000,-0.03293600,-0.04338762,-0.08734535,-0.23014929,-0.00638400
75241,20081226,PXD,-0.00138400,0.00500000,-0.00638400,-0.01035288,-0.06764068,-0.17312677,0.02964100
75241,20081229,PXD,0.02564100,-0.00400000,0.02964100,0.07188229,0.03091700,-0.09785703,0.04694600
75241,20081230,PXD,0.07094600,0.02400000,0.04694600,0.08709215,0.04397235,-0.08120825,0.00682000
75241,20081231,PXD,0.02082000,0.01400000,0.00682000,0.14803181,0.17652205,-0.01546529,0.08357500
75241,20090102,PXD,0.11557500,0.03200000,0.08357500,0.18528230,0.28525275,0.16354592,0.08200800
75241,20090105,PXD,0.07700800,-0.00500000,0.08200800,0.20598374,0.28202204,0.18431961,0.02492200
75241,20090106,PXD,0.03292200,0.00800000,0.02492200,0.10524446,0.20970035,0.25202958,-0.00087700
75241,20090107,PXD,-0.03087700,-0.03000000,-0.00087700,0.04348292,0.22351543,0.28781478,0.02012400
75241,20090108,PXD,0.02312400,0.00300000,0.02012400,0.00917325,0.11450639,0.31166514,-0.00913600
75241,20090109,PXD,-0.03013600,-0.02100000,-0.00913600,-0.03180929,-0.00951936,0.25474737,-0.04225100
75241,20090112,PXD,-0.06525100,-0.02300000,-0.04225100,-0.02871228,-0.01062103,0.24855651,0.02348500
75241,20090113,PXD,0.02548500,0.00200000,0.02348500,-0.04970390,-0.03951902,0.14640694,-0.03129000
75241,20090114,PXD,-0.06429000,-0.03300000,-0.03129000,-0.03195270,-0.07736926,0.11214905,-0.02351700
75241,20090115,PXD,-0.02251700,0.00100000,-0.02351700,-0.10537079,-0.12089317,-0.01995832,-0.05643500
75241,20090116,PXD,-0.04843500,0.00800000,-0.05643500,-0.10968774,-0.11421195,-0.11485893,-0.03762700
75241,20090120,PXD,-0.09062700,-0.05300000,-0.03762700,-0.06355001,-0.11121844,-0.11275830,0.03413300
75241,20090121,PXD,0.07713300,0.04300000,0.03413300,-0.03994499,-0.11388688,-0.14015736,-0.03252900
75241,20090122,PXD,-0.04752900,-0.01500000,-0.03252900,0.05146699,-0.04761255,-0.11674073,0.05155400
75241,20090123,PXD,0.05655400,0.00500000,0.05155400,0.01871028,0.01015553,-0.11044233,0.00218600
75241,20090126,PXD,0.00818600,0.00600000,0.00218600,0.01311184,0.01200346,-0.11019297,-0.03910700
75241,20090127,PXD,-0.02810700,0.01100000,-0.03910700,-0.02771703,-0.01063303,-0.12484886,0.01098700
75241,20090128,PXD,0.04498700,0.03400000,0.01098700,-0.05834722,-0.00738954,-0.12280795,-0.02911600
75241,20090129,PXD,-0.06211600,-0.03300000,-0.02911600,-0.03600741,-0.07163856,-0.11450105,-0.01700000
75241,20090130,PXD,-0.04000000,-0.02300000,-0.01700000,-0.05697549,-0.08595174,-0.07539830,-0.01402700
75241,20090202,PXD,-0.01502700,-0.00100000,-0.01402700,-0.02377055,-0.04293292,-0.03369809,0.00757800
75241,20090203,PXD,0.02357800,0.01600000,0.00757800,-0.03178639,-0.07335964,-0.08571590,-0.02484300
75241,20090204,PXD,-0.03184300,-0.00700000,-0.02484300,-0.02780483,-0.05750261,-0.06573718,-0.00970200
75241,20090205,PXD,0.00629800,0.01600000,-0.00970200,0.03636444,0.02963001,-0.04802261,0.07383399
75241,20090206,PXD,0.10083400,0.02700000,0.07383399,0.15496371,0.13486656,0.03090019,0.08175400
75241,20090209,PXD,0.08275400,0.00100000,0.08175400,0.16629520,0.12815416,0.07921859,0.00874300
75241,20090210,PXD,-0.04025700,-0.04900000,0.00874300,0.07454548,0.14431277,0.05337751,-0.01286300
75241,20090211,PXD,-0.00486300,0.00800000,-0.01286300,-0.02411923,0.12868682,0.06456458,-0.02154800
75241,20090212,PXD,-0.01954800,0.00200000,-0.02154800,0.04750044,0.13656807,0.17587273,0.08352000
75241,20090213,PXD,0.07352000,-0.01000000,0.08352000,0.00783490,0.00414021,0.12726908,-0.04744200
75241,20090217,PXD,-0.09344200,-0.04600000,-0.04744200,-0.00208273,-0.03442481,0.08376017,-0.03165000
75241,20090218,PXD,-0.03265000,-0.00100000,-0.03165000,-0.04665885,0.00790891,0.14385654,0.03251600
75241,20090219,PXD,0.02051600,-0.01200000,0.03251600,-0.01072538,0.01762454,0.13831274,-0.01104900
75241,20090220,PXD,-0.02204900,-0.01100000,-0.01104900,-0.02896750,-0.09714833,0.01698795,-0.04921700
75241,20090223,PXD,-0.08421700,-0.03500000,-0.04921700,-0.04573724,-0.04496879,-0.03692483,0.01720500
75241,20090224,PXD,0.05720500,0.04000000,0.01720500,-0.01311666,0.00763669,-0.02637272,0.02264400
75241,20090225,PXD,0.01164400,-0.01100000,0.02264400,0.07696278,0.00942146,0.01651419,0.03428000
75241,20090226,PXD,0.01828000,-0.01600000,0.03428000,0.04949538,0.01426820,0.03020628,-0.00592000
75241,20090227,PXD,-0.02992000,-0.02400000,-0.00592000,-0.05471754,-0.02103726,-0.10831559,-0.08185501
75241,20090302,PXD,-0.12885500,-0.04700000,-0.08185501,-0.06084978,-0.01002062,-0.04982682,0.02803000
75241,20090303,PXD,0.02203000,-0.00600000,0.02803000,-0.02416270,0.00273843,0.00979107,0.03835600
75241,20090304,PXD,0.06235600,0.02400000,0.03835600,0.05108931,-0.03966935,-0.03015570,-0.01279700
75241,20090305,PXD,-0.05579700,-0.04300000,-0.01279700,-0.00404272,-0.05946015,-0.04426963,-0.02709400
75241,20090306,PXD,-0.02609400,0.00100000,-0.02709400,-0.07156586,-0.01330506,-0.03255280,-0.03649300
75241,20090309,PXD,-0.04649300,-0.01000000,-0.03649300,0.00851814,0.03291363,0.01892991,0.08062800
75241,20090310,PXD,0.14462800,0.06400000,0.08062800,0.08637713,0.03890780,0.03912142,0.04420900
75241,20090311,PXD,0.04620900,0.00200000,0.04420900,0.18933354,0.10660620,0.04872915,0.04388600
75241,20090312,PXD,0.08488600,0.04100000,0.04388600,0.06193013,0.10759888,0.02773279,-0.02708400
75241,20090313,PXD,-0.01908400,0.00800000,-0.02708400,0.03354435,0.17749201,0.15414852,0.01761900
75241,20090316,PXD,0.01361900,-0.00400000,0.01761900,-0.01382999,0.07955657,0.12039443,-0.00384900
75241,20090317,PXD,0.02815100,0.03200000,-0.00384900,0.00501753,0.02092820,0.06482084,-0.00917700
75241,20090318,PXD,0.01182300,0.02100000,-0.00917700,0.08542570,0.07485623,0.20161761,0.09479600
75241,20090319,PXD,0.08179600,-0.01300000,0.09479600,0.04852008,0.06466931,0.18780502,-0.03343900
75241,20090320,PXD,-0.05343900,-0.02000000,-0.03343900,0.11658729,0.10744123,0.33252456,0.05452599
75241,20090323,PXD,0.12552600,0.07100000,0.05452599,0.01063970,0.10098841,0.19963897,-0.00454600
75241,20090324,PXD,-0.02454600,-0.02000000,-0.00454600,0.05944496,0.12100457,0.15724478,0.00969400
75241,20090325,PXD,0.01969400,0.01000000,0.00969400,-0.02803948,-0.01387521,0.06402907,-0.03319300
75241,20090326,PXD,-0.01019300,0.02300000,-0.03319300,-0.01694117,0.03032621,0.10147376,0.00645000
75241,20090327,PXD,-0.01355000,-0.02000000,0.00645000,-0.06364022,-0.05859448,0.03263045,-0.03933900
75241,20090330,PXD,-0.07433900,-0.03500000,-0.03933900,-0.06334456,-0.08685824,0.00115779,-0.03322600
75241,20090331,PXD,-0.02022600,0.01300000,-0.03322600,-0.07510978,-0.09932910,0.00673561,-0.00364200
75241,20090401,PXD,0.01335800,0.01700000,-0.00364200,-0.02202461,-0.05465087,-0.07123329,0.01653600
75241,20090402,PXD,0.04553600,0.02900000,0.01653600,0.02683135,-0.05029365,-0.02364195,0.01292300
75241,20090403,PXD,0.02292300,0.01000000,0.01292300,0.00677149,-0.03179323,-0.09081687,-0.02169200
75241,20090406,PXD,-0.02969200,-0.00800000,-0.02169200,-0.03231481,-0.02151616,-0.10831380,-0.02334400
75241,20090407,PXD,-0.04734400,-0.02400000,-0.02334400,-0.01790551,0.01045284,-0.09176757,0.02860600
75241,20090408,PXD,0.04060600,0.01200000,0.02860600,0.06482405,0.05473499,-0.00425573,0.06159200
75241,20090409,PXD,0.09959200,0.03800000,0.06159200,0.16275627,0.10427556,0.05119134,0.06003000
75241,20090413,PXD,0.06303000,0.00300000,0.06003000,0.17656291,0.17873504,0.15211802,0.04391600
75241,20090414,PXD,0.02391600,-0.02000000,0.04391600,0.09644249,0.20373806,0.18160428,-0.00959400
75241,20090415,PXD,0.00340600,0.01300000,-0.00959400,0.04419033,0.18054130,0.19671009,0.00873300
75241,20090416,PXD,0.02473300,0.01600000,0.00873300,0.03863800,0.15119387,0.21923348,0.03854000
75241,20090417,PXD,0.04354000,0.00500000,0.03854000,0.00585185,0.03988446,0.14600044,-0.03772600
75241,20090420,PXD,-0.08072600,-0.04300000,-0.03772600,0.02937497,0.02923696,0.21533048,0.03326700
75241,20090421,PXD,0.05426700,0.02100000,0.03326700,-0.00556182,0.04083942,0.25267902,0.00238500
75241,20090422,PXD,-0.00561500,-0.00800000,0.00238500,0.04117408,0.03695533,0.22310727,0.00505900
75241,20090423,PXD,0.01505900,0.01000000,0.00505900,0.03439373,0.02524582,0.18001562,0.02657900
75241,20090424,PXD,0.04357900,0.01700000,0.02657900,0.04239597,0.08056118,0.12244276,0.01000000
75241,20090427,PXD,0.00000000,-0.01000000,0.01000000,0.02910621,0.03684643,0.06772134,-0.00721800
75241,20090428,PXD,-0.01021800,-0.00300000,-0.00721800,0.02857166,0.06267099,0.10690158,0.02602500
75241,20090429,PXD,0.04802500,0.02200000,0.02602500,0.00918366,0.04699125,0.08584407,-0.00885000
75241,20090430,PXD,-0.00985000,-0.00100000,-0.00885000,0.08522749,0.08718040,0.11456744,0.06593399
75241,20090501,PXD,0.07093400,0.00500000,0.06593399,0.10662292,0.12968496,0.22923278,0.04556400
75241,20090504,PXD,0.07956400,0.03400000,0.04556400,0.06619788,0.08600320,0.12860207,-0.04351200
75241,20090505,PXD,-0.04751200,-0.00400000,-0.04351200,0.10529415,0.17071400,0.25348654,0.10397400
75241,20090506,PXD,0.12097400,0.01700000,0.10397400,0.02605012,0.14706180,0.20644982,-0.02624300
75241,20090507,PXD,-0.03924300,-0.01300000,-0.02624300,0.14534339,0.14781583,0.25487696,0.06535099
75241,20090508,PXD,0.08935100,0.02400000,0.06535099,-0.01963683,0.03318318,0.16924928,-0.05232200
75241,20090511,PXD,-0.07432200,-0.02200000,-0.05232200,-0.01141116,0.06094945,0.15601753,-0.01816800
75241,20090512,PXD,-0.01916800,-0.00100000,-0.01816800,-0.10899520,-0.07993363,0.06632202,-0.04600900
75241,20090513,PXD,-0.07300900,-0.02700000,-0.04600900,-0.05010160,-0.04373192,0.09272459,0.01466200
75241,20090514,PXD,0.02466200,0.01000000,0.01466200,-0.07258354,-0.13304853,-0.02014332,-0.04218300
75241,20090515,PXD,-0.05318300,-0.01100000,-0.04218300,0.01529669,-0.05070884,-0.01926845,0.04626100
75241,20090518,PXD,0.07626100,0.03000000,0.04626100,0.00238955,-0.03115465,0.02770714,0.00200000
75241,20090519,PXD,0.00000000,-0.00200000,0.00200000,0.04567079,0.01493082,-0.06851330,-0.00223800
75241,20090520,PXD,-0.00723800,-0.00500000,-0.00223800,-0.03289072,-0.03317255,-0.07464927,-0.03288500
75241,20090521,PXD,-0.04988500,-0.01700000,-0.03288500,-0.03653532,0.00789329,-0.12718973,-0.00182700
75241,20090522,PXD,-0.00282700,-0.00100000,-0.00182700,-0.02481733,-0.02488758,-0.07436199,0.01126200
75241,20090526,PXD,0.03726200,0.02600000,0.01126200,0.01065592,-0.02498743,-0.05482533,0.00142900
75241,20090527,PXD,-0.01757100,-0.01900000,0.00142900,0.06790615,0.02900111,0.04504150,0.05415700
75241,20090528,PXD,0.06915700,0.01500000,0.05415700,0.08835334,0.10083241,0.06258888,0.03135300
75241,20090529,PXD,0.04535300,0.01400000,0.03135300,0.11970528,0.13521557,0.14526810,0.02592000
75241,20090601,PXD,0.05192000,0.02600000,0.02592000,0.04900514,0.10844931,0.07997247,-0.00943700
75241,20090602,PXD,-0.00743700,0.00200000,-0.00943700,-0.05455497,0.02867130,0.00141217,-0.06740300
75241,20090603,PXD,-0.08140300,-0.01400000,-0.06740300,-0.06374773,-0.01090378,0.01888146,0.01458400
75241,20090604,PXD,0.02558400,0.01100000,0.01458400,-0.05380055,-0.04022664,0.05733851,0.00083100
75241,20090605,PXD,-0.00216900,-0.00300000,0.00083100,0.02196236,-0.05671239,0.06657427,0.00643500
75241,20090608,PXD,0.00543500,-0.00100000,0.00643500,0.00905203,-0.04621907,0.05511906,0.00176600
75241,20090609,PXD,0.00576600,0.00400000,0.00176600,0.03805728,0.05433854,0.08714697,0.02951400
75241,20090610,PXD,0.02651400,-0.00300000,0.02951400,0.06363706,0.07114606,0.06222001,0.03099800
75241,20090611,PXD,0.03699800,0.00600000,0.03099800,0.04510157,0.05387740,0.01237318,-0.01547300
75241,20090612,PXD,-0.01447300,0.00100000,-0.01547300,-0.00447816,0.02628198,-0.03113812,-0.01869100
75241,20090615,PXD,-0.04269100,-0.02400000,-0.01869100,-0.04539283,0.01099323,-0.03425049,-0.01304400
75241,20090616,PXD,-0.02604400,-0.01300000,-0.01304400,-0.03953431,-0.02598435,0.02505601,-0.00925600
75241,20090617,PXD,-0.01025600,-0.00100000,-0.00925600,-0.04384790,-0.07468622,-0.01113752,-0.02243400
75241,20090618,PXD,-0.01443400,0.00800000,-0.02243400,-0.05909750,-0.08634606,-0.03918155,-0.02816000
75241,20090619,PXD,-0.02516000,0.00300000,-0.02816000,-0.10218490,-0.12010086,-0.09592494,-0.05567200
75241,20090622,PXD,-0.08667200,-0.03100000,-0.05567200,-0.08500415,-0.11362737,-0.10036332,-0.00368700
75241,20090623,PXD,-0.00168700,0.00200000,-0.00368700,-0.05824265,-0.10509366,-0.12480040,0.00145000
75241,20090624,PXD,0.00845000,0.00700000,0.00145000,0.01366027,-0.07185928,-0.13919019,0.01586600
75241,20090625,PXD,0.03686600,0.02100000,0.01586600,0.04765969,-0.01729935,-0.10144802,0.02887900
75241,20090626,PXD,0.02787900,-0.00100000,0.02887900,0.04331659,0.04127772,-0.08980107,-0.00271100
75241,20090629,PXD,0.00628900,0.00900000,-0.00271100,0.03138414,0.05027773,-0.07310692,0.00509400
75241,20090630,PXD,-0.00390600,-0.00900000,0.00509400,-0.01453166,0.03048569,-0.08068172,-0.01694100
75241,20090701,PXD,-0.01294100,0.00400000,-0.01694100,-0.03056237,-0.00615269,-0.07569705,-0.01947000
75241,20090702,PXD,-0.04847000,-0.02900000,-0.01947000,-0.06800394,-0.06577897,-0.08137545,-0.03431500
75241,20090706,PXD,-0.03131500,0.00300000,-0.03431500,-0.04541540,-0.05587713,-0.02113279,0.00620700
75241,20090707,PXD,-0.01379300,-0.02000000,0.00620700,-0.05028515,-0.08221776,-0.04049189,-0.02378700
75241,20090708,PXD,-0.02578700,-0.00200000,-0.02378700,0.01804721,-0.03460374,-0.00733375,0.03682500
75241,20090709,PXD,0.04082500,0.00400000,0.03682500,0.01075691,-0.01728406,-0.02276092,-0.00117200
75241,20090710,PXD,-0.00517200,-0.00400000,-0.00117200,0.03423622,0.01519765,-0.05208226,-0.00203600
75241,20090713,PXD,0.02296400,0.02500000,-0.00203600,0.01709940,0.02964370,-0.03095029,0.01998900
75241,20090714,PXD,0.02498900,0.00500000,0.01998900,0.01956104,0.05787617,-0.03664338,0.00057900
75241,20090715,PXD,0.03057900,0.03000000,0.00057900,0.03770269,0.03499879,-0.00463830,0.01545900
75241,20090716,PXD,0.02445900,0.00900000,0.01545900,0.02271457,0.04294137,0.02287756,0.00587100
75241,20090717,PXD,0.00587100,-0.00000000,0.00587100,0.03723913,0.06094478,0.07806987,0.01507000
75241,20090720,PXD,0.02607000,0.01100000,0.01507000,0.03153150,0.05005497,0.08421402,0.01003100
75241,20090721,PXD,0.01403100,0.00400000,0.01003100,0.02682698,0.04941947,0.11451115,0.00137400
75241,20090722,PXD,0.00037400,-0.00100000,0.00137400,0.03726428,0.06010414,0.10249840,0.02522400
75241,20090723,PXD,0.04822400,0.02300000,0.02522400,0.04488931,0.07276536,0.12570456,0.01732800
75241,20090724,PXD,0.02032800,0.00300000,0.01732800,0.03851549,0.05081751,0.11966714,-0.00474800
75241,20090727,PXD,-0.00174800,0.00300000,-0.00474800,-0.01725685,0.00862281,0.06083589,-0.02921300
75241,20090728,PXD,-0.03221300,-0.00300000,-0.02921300,-0.05720714,-0.01793930,0.03121255,-0.02430500
75241,20090729,PXD,-0.02930500,-0.00500000,-0.02430500,-0.03368084,-0.02172086,0.03686459,0.02079900
75241,20090730,PXD,0.03279900,0.01200000,0.02079900,0.02497664,-0.01003524,0.06217144,0.02931400
75241,20090731,PXD,0.03031400,0.00100000,0.02931400,0.09628073,0.03637630,0.09123098,0.04174300
75241,20090803,PXD,0.05674300,0.01500000,0.04174300,0.08270531,0.07842365,0.08991130,0.00893200
75241,20090804,PXD,0.01193200,0.00300000,0.00893200,0.03159365,0.08548023,0.06729068,-0.01829100
75241,20090805,PXD,-0.02129100,-0.00300000,-0.01829100,-0.01885111,0.05180019,0.02925443,-0.00939500
75241,20090806,PXD,-0.01539500,-0.00600000,-0.00939500,-0.02421005,0.02561819,0.01530828,0.00365500
75241,20090807,PXD,0.01665500,0.01300000,0.00365500,0.02086419,0.01102210,0.04816134,0.02673800
75241,20090810,PXD,0.02373800,-0.00300000,0.02673800,0.00588796,-0.02161560,0.05359730,-0.02357700
75241,20090811,PXD,-0.03657700,-0.01300000,-0.02357700,-0.01456992,-0.02047841,0.06290814,-0.01708500
75241,20090812,PXD,-0.00508500,0.01200000,-0.01708500,-0.03914713,-0.00973661,0.04228402,0.00151800
75241,20090813,PXD,0.00851800,0.00700000,0.00151800,-0.03804798,-0.03525030,-0.01147027,-0.02241900
75241,20090814,PXD,-0.03141900,-0.00900000,-0.02241900,-0.02986431,-0.06789673,-0.05818639,-0.00948500
75241,20090817,PXD,-0.03348500,-0.02400000,-0.00948500,-0.00459161,-0.01993871,-0.04078502,0.02861400
75241,20090818,PXD,0.03861400,0.01000000,0.02861400,0.02617405,0.00461695,-0.01575111,0.00794100
75241,20090819,PXD,0.01494100,0.00700000,0.00794100,0.04463983,0.00984367,0.00022038,0.00680200
75241,20090820,PXD,0.01780200,0.01100000,0.00680200,0.03519914,0.05408663,0.01579570,0.01934500
75241,20090821,PXD,0.03834500,0.01900000,0.01934500,0.04887609,0.08966526,0.01007312,0.02108400
75241,20090824,PXD,0.02008400,-0.00100000,0.02108400,0.00251898,0.01783297,-0.00330777,-0.03661400
75241,20090825,PXD,-0.03461400,0.00200000,-0.03661400,-0.02885686,-0.00384971,0.00092982,-0.01282900
75241,20090826,PXD,-0.01282900,0.00000000,-0.01282900,-0.05867407,-0.02072313,-0.01074329,-0.00999800
75241,20090827,PXD,-0.00699800,0.00300000,-0.00999800,-0.02566595,-0.04151449,0.00949435,-0.00303400
75241,20090828,PXD,-0.00503400,-0.00200000,-0.00303400,-0.02797567,-0.07531611,0.00362428,-0.01527200
75241,20090831,PXD,-0.02327200,-0.00800000,-0.01527200,-0.01051868,-0.03232609,-0.01682737,0.00749700
75241,20090901,PXD,-0.01450300,-0.02200000,0.00749700,-0.01313491,-0.02554294,-0.02996989,-0.00576000
75241,20090902,PXD,-0.00876000,-0.00300000,-0.00576000,-0.00041680,-0.01831576,-0.03854359,-0.00228400
75241,20090903,PXD,0.00671600,0.00900000,-0.00228400,-0.00643736,-0.01395484,-0.05444697,0.00174700
75241,20090904,PXD,0.01474700,0.01300000,0.00174700,0.03124959,0.03238102,-0.04595857,0.03113800
75241,20090908,PXD,0.04013800,0.00900000,0.03113800,0.03712160,0.02872317,-0.00653857,0.00331100
75241,20090909,PXD,0.01131100,0.00800000,0.00331100,0.11047356,0.11228561,0.07903073,0.07157900
75241,20090910,PXD,0.08157900,0.01000000,0.07157900,0.08506714,0.12371558,0.09919511,0.00860300
75241,20090911,PXD,0.00760300,-0.00100000,0.00860300,0.10831105,0.14928783,0.13110478,0.02478800
75241,20090914,PXD,0.03078800,0.00600000,0.02478800,0.06984901,0.15274105,0.19177297,0.03477400
75241,20090915,PXD,0.03777400,0.00300000,0.03477400,0.06398372,0.15249375,0.19211330,0.00221200
75241,20090916,PXD,0.01721200,0.01500000,0.00221200,0.02951783,0.06479314,0.18984371,-0.00754100
75241,20090917,PXD,-0.01054100,-0.00300000,-0.00754100,-0.01894158,0.04135459,0.17480922,-0.01337300
75241,20090918,PXD,-0.01037300,0.00300000,-0.01337300,-0.02251148,0.01371411,0.16772985,-0.00181600
75241,20090921,PXD,-0.00481600,-0.00300000,-0.00181600,0.00646547,0.00100383,0.15683112,0.02203500
75241,20090922,PXD,0.02903500,0.00700000,0.02203500,0.01710857,-0.00391700,0.14692315,-0.00272500
75241,20090923,PXD,-0.01272500,-0.01000000,-0.00272500,0.02186318,0.00659944,0.07110713,0.00299500
75241,20090924,PXD,-0.00700500,-0.01000000,0.00299500,-0.01654381,0.00263983,0.04326149,-0.01713800
75241,20090925,PXD,-0.02313800,-0.00600000,-0.01713800,0.00747262,0.02663597,0.04109656,0.02243900
75241,20090928,PXD,0.04043900,0.01800000,0.02243900,0.01723090,0.01715418,0.01849140,0.01256100
75241,20090929,PXD,0.01056100,-0.00200000,0.01256100,0.03648697,0.02117079,0.01705501,0.00107500
75241,20090930,PXD,-0.00192500,-0.00300000,0.00107500,-0.00054203,0.00378435,0.01023176,-0.01368000
75241,20091001,PXD,-0.03968000,-0.02600000,-0.01368000,-0.02040202,0.01281396,0.01515849,-0.00819900
75241,20091002,PXD,-0.01319900,-0.00500000,-0.00819900,0.01137427,0.02485964,0.05155950,0.03501500
75241,20091005,PXD,0.05001500,0.01500000,0.03501500,0.05169057,0.03663400,0.05394663,0.02421700
75241,20091006,PXD,0.03821700,0.01400000,0.02421700,0.06540579,0.03980231,0.06169631,0.00393500
75241,20091007,PXD,0.00693500,0.00300000,0.00393500,0.05753364,0.08647846,0.08904755,0.02770200
75241,20091008,PXD,0.03470200,0.00700000,0.02770200,0.03833334,0.10370201,0.11652797,0.00603300
75241,20091009,PXD,0.01203300,0.00600000,0.00603300,0.04780662,0.07883780,0.10483822,0.01294900
75241,20091012,PXD,0.01694900,0.00400000,0.01294900,0.03396909,0.06747105,0.10682793,0.01444300
75241,20091013,PXD,0.01144300,-0.00300000,0.01444300,0.03943093,0.07604897,0.12019640,0.01102100
75241,20091014,PXD,0.02902100,0.01800000,0.01102100,0.03771041,0.05833722,0.15439000,0.01129600
75241,20091015,PXD,0.01529600,0.00400000,0.01129600,0.03676849,0.06580114,0.18088284,0.01365000
75241,20091016,PXD,0.00565000,-0.00800000,0.01365000,0.03808981,0.06562135,0.15346469,0.01253600
75241,20091019,PXD,0.02153600,0.00900000,0.01253600,0.03356259,0.05763863,0.13112244,0.00714600
75241,20091020,PXD,0.00114600,-0.00600000,0.00714600,0.02316947,0.04856889,0.12911286,0.00350700
75241,20091021,PXD,-0.00549300,-0.00900000,0.00350700,0.02290082,0.04979754,0.11230903,0.01224500
75241,20091022,PXD,0.02324500,0.01100000,0.01224500,-0.01162168,0.00767509,0.07362145,-0.02668600
75241,20091023,PXD,-0.03868600,-0.01200000,-0.02668600,0.05615676,0.06636599,0.13583770,0.07236500
75241,20091026,PXD,0.06036500,-0.01200000,0.07236500,0.05130135,0.06750764,0.12873982,0.00807500
75241,20091027,PXD,0.00507500,-0.00300000,0.00807500,0.01594635,0.00100470,0.04787556,-0.05925400
75241,20091028,PXD,-0.07925400,-0.02000000,-0.05925400,-0.02645274,0.01621512,0.06555777,0.02850200
75241,20091029,PXD,0.05150200,0.02300000,0.02850200,-0.07194434,0.00197530,0.00934344,-0.03980000
75241,20091030,PXD,-0.06780000,-0.02800000,-0.03980000,-0.00985900,-0.06078160,0.00174290,0.00446000
75241,20091102,PXD,0.01046000,0.00600000,0.00446000,-0.01516125,-0.04835764,0.01589478,0.02207300
75241,20091103,PXD,0.02407300,0.00200000,0.02207300,-0.00634462,-0.02049249,-0.01877228,-0.03203000
75241,20091104,PXD,-0.03103000,0.00100000,-0.03203000,0.00803144,-0.02910748,-0.01266636,0.01908800
75241,20091105,PXD,0.03808800,0.01900000,0.01908800,-0.02684137,-0.00038434,0.00166740,-0.01258200
75241,20091106,PXD,-0.00958200,0.00300000,-0.01258200,0.02023139,0.00889266,-0.05552860,0.01363000
75241,20091109,PXD,0.03563000,0.02200000,0.01363000,0.00648311,-0.00797631,-0.05801134,0.00569600
75241,20091110,PXD,0.00569600,-0.00000000,0.00569600,0.00733976,0.01379519,-0.00795394,-0.01179700
75241,20091111,PXD,-0.00679700,0.00500000,-0.01179700,-0.02206406,-0.02199386,-0.05102694,-0.01600400
75241,20091112,PXD,-0.02600400,-0.01000000,-0.01600400,-0.03150482,-0.01326618,-0.01406915,-0.00389200
75241,20091113,PXD,0.00210800,0.00600000,-0.00389200,0.00403077,-0.00217418,0.00672828,0.02479400
75241,20091116,PXD,0.03879400,0.01400000,0.02479400,-0.00026142,-0.02840911,-0.03758111,-0.02034800
75241,20091117,PXD,-0.01934800,0.00100000,-0.02034800,-0.01571566,-0.03552881,-0.02384156,-0.01904100
75241,20091118,PXD,-0.01904100,-0.00000000,-0.01904100,-0.05862835,-0.04038254,-0.06246363,-0.02091000
75241,20091119,PXD,-0.03391000,-0.01300000,-0.02091000,-0.04552081,-0.04274927,-0.05641326,-0.00668300
75241,20091120,PXD,-0.00968300,-0.00300000,-0.00668300,-0.03733840,-0.07485420,-0.07798083,-0.01008900
75241,20091123,PXD,0.00391100,0.01400000,-0.01008900,0.00021969,-0.03948806,-0.06731469,0.01707000
75241,20091124,PXD,0.01607000,-0.00100000,0.01707000,0.03572570,0.00638358,-0.02936651,0.02807000
75241,20091125,PXD,0.03307000,0.00500000,0.02807000,0.01745626,0.00080615,-0.03951144,-0.02614500
75241,20091127,PXD,-0.04314500,-0.01700000,-0.02614500,-0.00097230,0.00600861,-0.03720759,-0.00157600
75241,20091130,PXD,0.00242400,0.00400000,-0.00157600,-0.01037266,0.03473257,-0.04296971,0.01847200
75241,20091201,PXD,0.03047200,0.01200000,0.01847200,0.00916438,0.00965152,-0.03039720,-0.00751000
75241,20091202,PXD,-0.00751000,0.00000000,-0.00751000,-0.01260960,-0.03996068,-0.03396303,-0.02274000
75241,20091203,PXD,-0.03074000,-0.00800000,-0.02274000,-0.04066470,-0.02511807,-0.02426419,-0.01087900
75241,20091204,PXD,-0.00487900,0.00600000,-0.01087900,-0.02858757,-0.01854764,-0.01269100,0.00494200
75241,20091207,PXD,0.00294200,-0.00200000,0.00494200,-0.01931978,-0.04842275,-0.01599230,-0.01346600
75241,20091208,PXD,-0.02346600,-0.01000000,-0.01346600,-0.01477173,-0.04740055,-0.03848225,-0.00625300
75241,20091209,PXD,-0.00225300,0.00400000,-0.00625300,-0.01263420,-0.01854854,-0.05775340,0.00729700
75241,20091210,PXD,0.01329700,0.00600000,0.00729700,0.00571146,-0.00314039,-0.02827156,0.00466600
75241,20091211,PXD,0.00866600,0.00400000,0.00466600,0.06243516,0.04087113,0.02168551,0.04921000
75241,20091214,PXD,0.05621000,0.00700000,0.04921000,0.06980968,0.07157349,0.01795463,0.01483100
75241,20091215,PXD,0.00883100,-0.00600000,0.01483100,0.07732389,0.09110892,0.03790432,0.01190000
75241,20091216,PXD,0.01290000,0.00100000,0.01190000,0.04204434,0.09820702,0.07833425,0.01518400
75241,20091217,PXD,0.00318400,-0.01200000,0.01518400,0.03824952,0.10500783,0.10175178,0.01077600
75241,20091218,PXD,0.01677600,0.00600000,0.01077600,0.05017632,0.07825382,0.12317331,0.02333700
75241,20091221,PXD,0.03433700,0.01100000,0.02333700,0.06433399,0.09308191,0.17342496,0.02811900
75241,20091222,PXD,0.03211900,0.00400000,0.02811900,0.07523411,0.10327050,0.20602075,0.02118300
75241,20091223,PXD,0.02318300,0.00200000,0.02118300,0.05492496,0.09276911,0.20229887,0.00439000
75241,20091224,PXD,0.00939000,0.00500000,0.00439000,0.02686198,0.08161273,0.19728814,0.00102200
75241,20091228,PXD,0.00202200,0.00100000,0.00102200,0.00582006,0.05643512,0.13995935,0.00039500
75241,20091229,PXD,-0.00060500,-0.00100000,0.00039500,-0.00828999,0.01721885,0.11272623,-0.00969300
75241,20091230,PXD,-0.00969300,0.00000000,-0.00969300,-0.01686060,-0.01168700,0.08972760,-0.00774100
75241,20091231,PXD,-0.01774100,-0.01000000,-0.00774100,0.02364249,0.02510099,0.12145055,0.04233500
75241,20100104,PXD,0.05833500,0.01600000,0.04233500,0.03110888,0.02141424,0.10591161,-0.00260800
75241,20100105,PXD,0.00039200,0.00300000,-0.00260800,0.05715892,0.03799215,0.09754749,0.01645100
75241,20100106,PXD,0.01745100,0.00100000,0.01645100,0.01885406,0.05358926,0.07234591,0.00486500
75241,20100107,PXD,0.00886500,0.00400000,0.00486500,0.03609881,0.07823970,0.06492501,0.01419200
75241,20100108,PXD,0.01719200,0.00300000,0.01419200,-0.00151000,0.01243481,0.03824848,-0.02021600
75241,20100111,PXD,-0.01821600,0.00200000,-0.02021600,-0.01907496,0.00180016,0.02328731,-0.01280600
75241,20100112,PXD,-0.02180600,-0.00900000,-0.01280600,-0.02627852,-0.00775204,0.03017092,0.00686100
75241,20100113,PXD,0.01486100,0.00800000,0.00686100,0.00385581,-0.00249839,0.05124037,0.01013900
75241,20100114,PXD,0.01213900,0.00200000,0.01013900,-0.01083333,-0.04297515,0.03009831,-0.02707300
75241,20100115,PXD,-0.03807300,-0.01100000,-0.02707300,-0.03545891,-0.04142217,-0.03000900,-0.01834300
75241,20100119,PXD,-0.00534300,0.01300000,-0.01834300,-0.04794559,-0.03224170,-0.03052866,-0.00352400
75241,20100120,PXD,-0.01452400,-0.01100000,-0.00352400,-0.03031780,-0.04659327,-0.05415237,-0.00926600
75241,20100121,PXD,-0.02826600,-0.01900000,-0.00926600,-0.02307806,-0.06484576,-0.06744375,-0.01124300
75241,20100122,PXD,-0.03324300,-0.02200000,-0.01124300,-0.01691017,-0.03744735,-0.07704879,0.00338200
75241,20100125,PXD,0.00838200,0.00500000,0.00338200,-0.02446002,-0.03574702,-0.07370838,-0.01688700
75241,20100126,PXD,-0.02088700,-0.00400000,-0.01688700,-0.03026995,-0.04854349,-0.07813370,-0.01675400
75241,20100127,PXD,-0.01175400,0.00500000,-0.01675400,-0.02498739,-0.03230029,-0.07524490,0.00825500
75241,20100128,PXD,-0.00374500,-0.01200000,0.00825500,-0.02567543,-0.03877790,-0.09815526,-0.01763700
75241,20100129,PXD,-0.02763700,-0.01000000,-0.01763700,0.01787692,-0.01580446,-0.05185256,0.02829200
75241,20100201,PXD,0.04229200,0.01400000,0.02829200,0.01735848,0.00855330,-0.02827675,0.00750600
75241,20100202,PXD,0.02050600,0.01300000,0.00750600,0.02092763,0.01066734,-0.03875029,-0.01445300
75241,20100203,PXD,-0.01945300,-0.00500000,-0.01445300,-0.01421086,-0.00500080,-0.03636860,-0.00715100
75241,20100204,PXD,-0.03815100,-0.03100000,-0.00715100,-0.03459791,-0.00151961,-0.03995574,-0.01433300
75241,20100205,PXD,-0.01133300,0.00300000,-0.01433300,0.00195864,-0.00505274,-0.02027944,0.02390100
75241,20100208,PXD,0.01490100,-0.00900000,0.02390100,0.04274209,0.01914994,0.02780364,0.03308100
75241,20100209,PXD,0.04608100,0.01300000,0.03308100,0.03824362,0.01536975,0.02591595,-0.01829800
75241,20100210,PXD,-0.02029800,-0.00200000,-0.01829800,0.04803726,0.05782544,0.05133085,0.03320000
75241,20100211,PXD,0.04320000,0.01000000,0.03320000,0.01210206,0.07092040,0.06880678,-0.00186000
75241,20100212,PXD,-0.00486000,-0.00300000,-0.00186000,0.05050387,0.06598049,0.05848426,0.01809300
75241,20100216,PXD,0.03609300,0.01800000,0.01809300,0.01057332,0.02511826,0.04453550,-0.00543400
75241,20100217,PXD,-0.00143400,0.00400000,-0.00543400,0.01663311,0.04933814,0.06472954,0.00387600
75241,20100218,PXD,0.01087600,0.00700000,0.00387600,0.00108933,0.01744503,0.07816985,0.00266900
75241,20100219,PXD,0.00466900,0.00200000,0.00266900,-0.02257553,-0.01072121,0.06148946,-0.02870300
75241,20100222,PXD,-0.02970300,-0.00100000,-0.02870300,-0.05151122,-0.05358074,0.00690998,-0.02631700
75241,20100223,PXD,-0.03831700,-0.01200000,-0.02631700,-0.06133884,-0.05573425,-0.03338103,-0.00740100
75241,20100224,PXD,0.00259900,0.01000000,-0.00740100,-0.02399710,-0.04945606,-0.00451222,0.00999100
75241,20100225,PXD,0.00799100,-0.00200000,0.00999100,0.00119012,-0.05326778,-0.03832549,-0.00142800
75241,20100226,PXD,-0.00042800,0.00100000,-0.00142800,0.00937048,-0.02496560,-0.03624787,0.00071800
75241,20100301,PXD,0.01071800,0.01000000,0.00071800,0.01203788,0.01483060,-0.04067778,0.01263400
75241,20100302,PXD,0.01463400,0.00200000,0.01263400,0.01691825,0.02571049,-0.03191926,0.00334400
75241,20100303,PXD,0.00334400,0.00000000,0.00334400,0.00544468,0.00477167,-0.04578018,-0.01045800
75241,20100304,PXD,-0.00645800,0.00400000,-0.01045800,0.00577367,0.01965339,-0.03635583,0.01305000
75241,20100305,PXD,0.02705000,0.01400000,0.01305000,-0.00680509,0.00938866,-0.01624864,-0.00898300
75241,20100308,PXD,-0.00898300,-0.00000000,-0.00898300,0.02045777,0.01314378,0.02874484,0.01633500
75241,20100309,PXD,0.01833500,0.00200000,0.01633500,0.03361852,0.03668281,0.06438788,0.02615500
75241,20100310,PXD,0.03115500,0.00500000,0.02615500,0.04149512,0.04610089,0.05200034,-0.00164600
75241,20100311,PXD,0.00235400,0.00400000,-0.00164600,0.05875231,0.06654421,0.08973818,0.03307900
75241,20100312,PXD,0.03307900,-0.00000000,0.03307900,0.01816943,0.06230245,0.07363146,-0.01288400
75241,20100315,PXD,-0.01288400,0.00000000,-0.01288400,0.04406485,0.07030357,0.08600861,0.02367000
75241,20100316,PXD,0.03167000,0.00800000,0.02367000,-0.00438539,0.02741252,0.06645560,-0.01455800
75241,20100317,PXD,-0.00855800,0.00600000,-0.01455800,0.00457064,0.02470753,0.07321753,-0.00412800
75241,20100318,PXD,-0.00412800,-0.00000000,-0.00412800,-0.01436513,-0.00424117,0.06257142,0.00424600
75241,20100319,PXD,-0.00075400,-0.00500000,0.00424600,-0.01292328,-0.00442577,0.05842574,-0.01310900
75241,20100322,PXD,-0.00810900,0.00500000,-0.01310900,0.00659199,-0.01227216,0.05787399,0.01562400
75241,20100323,PXD,0.02262400,0.00700000,0.01562400,0.00943113,0.00950710,0.03740552,0.00704500
75241,20100324,PXD,0.00204500,-0.00500000,0.00704500,0.01448762,0.00552779,0.03044797,-0.00801900
75241,20100325,PXD,-0.01001900,-0.00200000,-0.00801900,-0.01166464,-0.00954897,-0.01386067,-0.01074500
75241,20100326,PXD,-0.00974500,0.00100000,-0.01074500,0.00539754,0.02839485,0.02421076,0.02465900
75241,20100329,PXD,0.03065900,0.00600000,0.02465900,0.01942258,0.01825578,0.00599762,0.00569600
75241,20100330,PXD,0.00569600,0.00000000,0.00569600,0.06366091,0.04368883,0.05371483,0.03205200
75241,20100331,PXD,0.02905200,-0.00300000,0.03205200,0.08293796,0.09831099,0.10443682,0.04324900
75241,20100401,PXD,0.05024900,0.00700000,0.04324900,0.10986107,0.14477055,0.13453018,0.03003900
75241,20100405,PXD,0.03803900,0.00800000,0.03003900,0.06530090,0.10614216,0.13868890,-0.00916600
75241,20100406,PXD,-0.00716600,0.00200000,-0.00916600,0.00331369,0.08066693,0.10053784,-0.01663800
75241,20100407,PXD,-0.02263800,-0.00600000,-0.01663800,-0.01835725,0.05505337,0.10186863,0.00757400
75241,20100408,PXD,0.01057400,0.00300000,0.00757400,-0.00346874,0.01709101,0.11864844,0.00595500
75241,20100409,PXD,0.01295500,0.00700000,0.00595500,0.00910773,-0.01710067,0.12604035,-0.00445900
75241,20100412,PXD,-0.00245900,0.00200000,-0.00445900,0.02003905,0.01041398,0.11854798,0.01839500
75241,20100413,PXD,0.01939500,0.00100000,0.01839500,0.01383866,0.02800260,0.11310293,-0.00019700
75241,20100414,PXD,0.01080300,0.01100000,-0.00019700,0.01245386,0.01405322,0.07129693,-0.00578500
75241,20100415,PXD,-0.00478500,0.00100000,-0.00578500,-0.01645743,-0.00290714,0.01407308,-0.01044700
75241,20100416,PXD,-0.02644700,-0.01600000,-0.01044700,-0.01048639,0.00740553,-0.00979344,0.00586600
75241,20100419,PXD,0.01086600,0.00500000,0.00586600,0.01775417,0.01183446,0.02254591,0.02294500
75241,20100420,PXD,0.03094500,0.00800000,0.02294500,0.02979091,0.01258122,0.04115180,0.00068400
75241,20100421,PXD,-0.00031600,-0.00100000,0.00068400,0.04636858,0.04080132,0.05630131,0.02202000
75241,20100422,PXD,0.02402000,0.00200000,0.02202000,0.03607012,0.06693060,0.06368765,0.01290700
75241,20100423,PXD,0.01990700,0.00700000,0.01290700,0.03942724,0.06437919,0.07246619,0.00400000
75241,20100426,PXD,0.00000000,-0.00400000,0.00400000,-0.01462588,0.00726974,0.01902798,-0.03056300
75241,20100427,PXD,-0.05356300,-0.02300000,-0.03056300,-0.02356683,0.01003219,0.02255377,0.00343200
75241,20100428,PXD,0.00943200,0.00600000,0.00343200,-0.02847395,-0.01217959,0.02809406,-0.00064700
75241,20100429,PXD,0.01235300,0.01300000,-0.00064700,0.02350470,-0.00445601,0.06039536,0.02028500
75241,20100430,PXD,0.00328500,-0.01700000,0.02028500,0.04021381,0.01068064,0.07532436,0.01974600
75241,20100503,PXD,0.03274600,0.01300000,0.01974600,0.03140439,0.03483616,0.04162350,-0.00770800
75241,20100504,PXD,-0.03170800,-0.02400000,-0.00770800,-0.00157051,0.01794162,0.02770961,-0.01280300
75241,20100505,PXD,-0.01980300,-0.00700000,-0.01280300,-0.01062915,0.02685027,0.01510749,0.00925100
75241,20100506,PXD,-0.02274900,-0.03200000,0.00925100,-0.03459601,-0.02388609,-0.02734894,-0.03269700
75241,20100507,PXD,-0.04769700,-0.01500000,-0.03269700,0.02095216,-0.00007344,0.01023046,0.04813700
75241,20100510,PXD,0.09213700,0.04400000,0.04813700,0.01413921,0.01013448,0.04472148,0.00237400
75241,20100511,PXD,-0.00062600,-0.00300000,0.00237400,0.06421833,0.03565682,0.05355406,0.01184200
75241,20100512,PXD,0.02584200,0.01400000,0.01184200,0.01572961,0.02805104,0.05453711,0.00161800
75241,20100513,PXD,-0.01038200,-0.01200000,0.00161800,0.00248082,0.05242276,0.02338596,-0.01046600
75241,20100514,PXD,-0.02946600,-0.01900000,-0.01046600,-0.03996876,-0.02715869,-0.02627117,-0.03247400
75241,20100517,PXD,-0.03147400,0.00100000,-0.03247400,-0.03457106,-0.02216101,-0.01223373,0.00727100
75241,20100518,PXD,-0.00672900,-0.01400000,0.00727100,-0.03577889,-0.04297674,-0.01084240,-0.01135800
75241,20100519,PXD,-0.01635800,-0.00500000,-0.01135800,-0.01715514,-0.05571754,-0.03282207,-0.01357800
75241,20100520,PXD,-0.05257800,-0.03900000,-0.01357800,0.01178271,-0.01290630,0.03633690,0.03907800
75241,20100521,PXD,0.05407800,0.01500000,0.03907800,0.01290805,0.00871531,-0.01734013,-0.01004500
75241,20100524,PXD,-0.02304500,-0.01300000,-0.01004500,0.03720143,0.01035415,-0.01141435,0.00895300
75241,20100525,PXD,0.00895300,0.00000000,0.00895300,0.02817302,0.05093708,0.00516745,0.02989100
75241,20100526,PXD,0.02389100,-0.00600000,0.02989100,0.06634569,0.09705366,0.02713247,0.02516700
75241,20100527,PXD,0.05816700,0.03300000,0.02516700,0.07255136,0.07019686,0.05341313,0.01530800
75241,20100528,PXD,0.00330800,-0.01200000,0.01530800,0.02574734,0.06578340,0.07139761,-0.01376900
75241,20100601,PXD,-0.03076900,-0.01700000,-0.01376900,0.03961441,0.09936495,0.10680659,0.03943600
75241,20100602,PXD,0.06543600,0.02600000,0.03943600,0.04722017,0.09171269,0.14507800,0.02230000
75241,20100603,PXD,0.02630000,0.00400000,0.02230000,0.02921531,0.02963731,0.12715818,-0.02925000
75241,20100604,PXD,-0.06325000,-0.03400000,-0.02925000,-0.00918948,0.01355275,0.08222437,-0.00086400
75241,20100607,PXD,-0.01486400,-0.01400000,-0.00086400,-0.01568616,0.04385380,0.11187068,0.01548500
75241,20100608,PXD,0.02648500,0.01100000,0.01548500,0.03000839,0.02044961,0.11844539,0.01553900
75241,20100609,PXD,0.00953900,-0.00600000,0.01553900,0.07037646,0.03425515,0.12896151,0.03676000
75241,20100610,PXD,0.06676000,0.03000000,0.03676000,0.06825481,0.08380381,0.11384247,0.01386000
75241,20100611,PXD,0.01786000,0.00400000,0.01386000,0.04663566,0.08067458,0.09295771,-0.00456200
75241,20100614,PXD,-0.00656200,-0.00200000,-0.00456200,0.00632629,0.06125882,0.10947418,-0.00304000
75241,20100615,PXD,0.01996000,0.02300000,-0.00304000,0.00232167,0.05524383,0.07578815,0.00987000
75241,20100616,PXD,0.00887000,-0.00100000,0.00987000,0.00399736,0.01344228,0.04882587,-0.00295400
75241,20100617,PXD,-0.00195400,0.00100000,-0.00295400,0.00773003,0.00013795,0.08579824,0.00081800
75241,20100618,PXD,0.00181800,0.00100000,0.00081800,-0.00678449,0.00003469,0.08232088,-0.00465300
75241,20100621,PXD,-0.00865300,-0.00400000,-0.00465300,-0.04466233,-0.03820163,0.01766650,-0.04115900
75241,20100622,PXD,-0.05715900,-0.01600000,-0.04115900,-0.03937072,-0.04145698,0.00807179,0.00628500
75241,20100623,PXD,0.00328500,-0.00300000,0.00628500,-0.04968664,-0.05305600,-0.04217316,-0.01604100
75241,20100624,PXD,-0.03304100,-0.01700000,-0.01604100,-0.00882375,-0.05285693,-0.05389280,0.00115600
75241,20100625,PXD,0.00415600,0.00300000,0.00115600,-0.03249666,-0.06528701,-0.06655669,-0.01808000
75241,20100628,PXD,-0.02008000,-0.00200000,-0.01808000,-0.03845682,-0.04692595,-0.08055872,-0.02234000
75241,20100629,PXD,-0.05334000,-0.03100000,-0.02234000,-0.04614118,-0.05913547,-0.09457959,-0.00768000
75241,20100630,PXD,-0.01768000,-0.01000000,-0.00768000,-0.03479927,-0.05050298,-0.09667268,-0.00591500
75241,20100701,PXD,-0.00891500,-0.00300000,-0.00591500,-0.03596136,-0.07206486,-0.11581844,-0.02317400
75241,20100702,PXD,-0.02817400,-0.00500000,-0.02317400,-0.03885889,-0.06543383,-0.12133420,-0.01023900
75241,20100706,PXD,-0.00523900,0.00500000,-0.01023900,-0.02605270,-0.03924844,-0.08322029,0.00850100
75241,20100707,PXD,0.03950100,0.03100000,0.00850100,0.00865812,-0.02182587,-0.08064291,0.01042200
75241,20100708,PXD,0.01942200,0.00900000,0.01042200,0.02108259,-0.01444006,-0.06599902,0.00144900
75241,20100709,PXD,0.00844900,0.00700000,0.00144900,0.00791620,0.00604990,-0.07063578,-0.00395700
75241,20100712,PXD,-0.00295700,0.00100000,-0.00395700,0.00851621,0.02888470,-0.04390816,0.01103400
75241,20100713,PXD,0.02603400,0.01500000,0.01103400,0.00337073,0.01562916,-0.02522669,-0.00353300
75241,20100714,PXD,-0.00353300,-0.00000000,-0.00353300,-0.00349273,-0.00609254,-0.02853876,-0.01067000
75241,20100715,PXD,-0.00967000,0.00100000,-0.01067000,-0.02689375,-0.02072309,-0.03566901,-0.01331100
75241,20100716,PXD,-0.04231100,-0.02900000,-0.01331100,-0.02260594,-0.01586794,-0.01081411,0.00113700
75241,20100719,PXD,0.00713700,0.00600000,0.00113700,-0.00254246,-0.01650178,0.01051411,0.01025900
75241,20100720,PXD,0.02125900,0.01100000,0.01025900,0.00958070,-0.01454685,0.00000491,-0.00170300
75241,20100721,PXD,-0.01470300,-0.01300000,-0.00170300,-0.01540755,-0.02741903,-0.03398933,-0.02383800
75241,20100722,PXD,-0.00083800,0.02300000,-0.02383800,-0.04569781,-0.03531671,-0.05559616,-0.02058600
75241,20100723,PXD,-0.01258600,0.00800000,-0.02058600,-0.03330430,-0.02476920,-0.04069696,0.01194400
75241,20100726,PXD,0.02294400,0.01100000,0.01194400,-0.02696279,-0.05222959,-0.06773307,-0.01777400
75241,20100727,PXD,-0.01877400,-0.00100000,-0.01777400,0.00506898,-0.03972664,-0.05322795,0.01123300
75241,20100728,PXD,0.00423300,-0.00700000,0.01123300,-0.01777808,-0.02686806,-0.05366302,-0.01134300
75241,20100729,PXD,-0.01534300,-0.00400000,-0.01134300,-0.00833007,-0.01454245,-0.04981812,-0.00821900
75241,20100730,PXD,-0.00821900,0.00000000,-0.00821900,0.00889638,0.00202018,-0.02295980,0.02945000
75241,20100802,PXD,0.05145000,0.02200000,0.02945000,0.03567882,0.03507377,-0.01830698,0.01436000
75241,20100803,PXD,0.00936000,-0.00500000,0.01436000,0.03899110,0.01819455,-0.02238356,-0.00534900
75241,20100804,PXD,0.00065100,0.00600000,-0.00534900,0.00807744,0.02923076,0.00118873,-0.00095100
75241,20100805,PXD,-0.00195100,-0.00100000,-0.00095100,-0.01919428,0.02407410,0.00889522,-0.01294100
75241,20100806,PXD,-0.01694100,-0.00400000,-0.01294100,-0.01639885,-0.00751630,-0.00558287,-0.00251400
75241,20100809,PXD,0.00248600,0.00500000,-0.00251400,-0.02266515,-0.02889932,0.00499317,-0.00738800
75241,20100810,PXD,-0.01338800,-0.00600000,-0.00738800,-0.01590258,-0.02906358,-0.01256304,-0.00634400
75241,20100811,PXD,-0.03434400,-0.02800000,-0.00634400,-0.02794786,-0.04242143,-0.01646521,-0.01529800
75241,20100812,PXD,-0.02029800,-0.00500000,-0.01529800,-0.01889178,-0.02822667,-0.00624491,0.00222900
75241,20100813,PXD,-0.00177100,-0.00400000,0.00222900,-0.02224785,-0.03451567,-0.04148580,-0.00940200
75241,20100816,PXD,-0.00940200,0.00000000,-0.00940200,0.01931923,-0.00297552,-0.03106130,0.02686100
75241,20100817,PXD,0.03886100,0.01200000,0.02686100,0.02619349,0.01239350,-0.01756361,0.00882600
75241,20100818,PXD,0.00982600,0.00100000,0.00882600,0.04289122,0.03528655,-0.00961529,0.00709900
75241,20100819,PXD,-0.00990100,-0.01700000,0.00709900,0.01891873,0.03622180,0.00583764,0.00313800
75241,20100820,PXD,-0.00086200,-0.00400000,0.00313800,0.02314147,0.05943786,0.02076375,0.01314600
75241,20100823,PXD,0.00914600,-0.00400000,0.01314600,0.00976085,0.02524154,0.02167020,-0.00620400
75241,20100824,PXD,-0.02120400,-0.01500000,-0.00620400,0.00667843,0.01662138,0.02883242,-0.00003000
75241,20100825,PXD,0.00297000,0.00300000,-0.00003000,-0.00330697,0.01260140,0.04724935,0.00294900
75241,20100826,PXD,-0.00505100,-0.00800000,0.00294900,0.01798423,0.02453145,0.06117735,0.01503800
75241,20100827,PXD,0.03203800,0.01700000,0.01503800,0.01881100,0.01225398,0.07118713,0.00109000
75241,20100830,PXD,-0.01391000,-0.01500000,0.00109000,0.01051005,0.01342109,0.03840149,-0.00533300
75241,20100831,PXD,-0.00533300,0.00000000,-0.00533300,0.00970754,0.02819047,0.04464012,0.01427500
75241,20100901,PXD,0.04427500,0.03000000,0.01427500,0.01440266,0.03122055,0.04386598,0.00540900
75241,20100902,PXD,0.01440900,0.00900000,0.00540900,0.02816019,0.02323153,0.04907127,0.00740800
75241,20100903,PXD,0.02040800,0.01300000,0.00740800,0.01314094,0.02245019,0.03507468,0.00028000
75241,20100907,PXD,-0.01072000,-0.01100000,0.00028000,0.02233552,0.04387032,0.05837275,0.01454000
75241,20100908,PXD,0.02054000,0.00600000,0.01454000,0.01801124,0.03163653,0.06208452,0.00324100
75241,20100909,PXD,0.00824100,0.00500000,0.00324100,0.03146439,0.03949699,0.07413443,0.01307600
75241,20100910,PXD,0.01807600,0.00500000,0.01307600,0.01071861,0.02579720,0.05095307,-0.00575100
75241,20100913,PXD,0.00524900,0.01100000,-0.00575100,0.00696650,0.02535797,0.05001118,-0.00038200
75241,20100914,PXD,-0.00138200,-0.00100000,-0.00038200,-0.00507461,0.01146271,0.05744120,0.00107500
75241,20100915,PXD,0.00507500,0.00400000,0.00107500,-0.00698916,0.00023403,0.03248735,-0.00765100
75241,20100916,PXD,-0.00765100,-0.00000000,-0.00765100,0.00053280,-0.00562509,0.03414279,0.00717300
75241,20100917,PXD,0.00817300,0.00100000,0.00717300,0.00755103,0.00827992,0.03491456,0.00809600
75241,20100920,PXD,0.02309600,0.01500000,0.00809600,0.01186054,0.00512898,0.03118313,-0.00342800
75241,20100921,PXD,-0.00642800,-0.00300000,-0.00342800,-0.00062322,-0.00116779,0.01034385,-0.00508100
75241,20100922,PXD,-0.01008100,-0.00500000,-0.00508100,0.00306501,0.01835825,0.01894716,0.01164800
75241,20100923,PXD,0.00364800,-0.00800000,0.01164800,-0.03334714,-0.02929803,-0.03531051,-0.04023400
75241,20100924,PXD,-0.01923400,0.02100000,-0.04023400,-0.02849146,-0.03653926,-0.02926892,-0.00017700
75241,20100927,PXD,-0.00617700,-0.00600000,-0.00017700,-0.04614902,-0.03923069,-0.03493607,-0.00593200
75241,20100928,PXD,-0.00093200,0.00500000,-0.00593200,0.01407501,-0.01451877,-0.01579456,0.02027400
75241,20100929,PXD,0.01727400,-0.00300000,0.02027400,0.01206105,-0.02836923,-0.01027319,-0.00220100
75241,20100930,PXD,-0.00520100,-0.00300000,-0.00220100,0.03002704,0.02375274,-0.00568136,0.01183900
75241,20101001,PXD,0.01583900,0.00400000,0.01183900,0.00992670,0.02432906,-0.01294592,0.00043100
75241,20101004,PXD,-0.00756900,-0.00800000,0.00043100,0.04924048,0.06810824,0.02624063,0.03650500
75241,20101005,PXD,0.05750500,0.02100000,0.03650500,0.04086047,0.05097256,0.03597380,0.00402900
75241,20101006,PXD,0.00302900,-0.00100000,0.00402900,0.03010845,0.04275452,0.01337153,-0.00993600
75241,20101007,PXD,-0.01193600,-0.00200000,-0.00993600,0.03076743,0.06906860,0.09462832,0.03708000
75241,20101008,PXD,0.04308000,0.00600000,0.03708000,0.02520398,0.06762564,0.09384356,-0.00139500
75241,20101011,PXD,-0.00139500,0.00000000,-0.00139500,0.03582161,0.02949644,0.10040841,0.00005200
75241,20101012,PXD,0.00405200,0.00400000,0.00005200,0.01966868,0.04720662,0.10195820,0.02097100
75241,20101013,PXD,0.02797100,0.00700000,0.02097100,0.01173895,0.04810123,0.09413467,-0.00899600
75241,20101014,PXD,-0.01299600,-0.00400000,-0.00899600,0.01881792,0.01751256,0.08868983,0.00705200
75241,20101015,PXD,0.00905200,0.00200000,0.00705200,-0.00931037,0.01160400,0.08137952,-0.00727200
75241,20101018,PXD,-0.00027200,0.00700000,-0.00727200,-0.01179719,-0.00041302,0.02894507,-0.01146400
75241,20101019,PXD,-0.02746400,-0.01600000,-0.01146400,-0.01809895,-0.02008269,0.02586288,0.00074300
75241,20101020,PXD,0.01174300,0.01100000,0.00074300,-0.02006370,-0.02047540,0.02665317,-0.00932400
75241,20101021,PXD,-0.00732400,0.00200000,-0.00932400,0.00004936,-0.01884862,-0.00173419,0.00871800
75241,20101022,PXD,0.01071800,0.00200000,0.00871800,0.00531804,-0.00570021,0.00575543,0.00598800
75241,20101025,PXD,0.00798800,0.00200000,0.00598800,-0.00177692,-0.01050845,-0.01088026,-0.01625900
75241,20101026,PXD,-0.01625900,0.00000000,-0.01625900,-0.03631684,-0.03712499,-0.05651393,-0.02616700
75241,20101027,PXD,-0.02916700,-0.00300000,-0.02616700,-0.05278579,-0.03901971,-0.05896324,-0.01130000
75241,20101028,PXD,-0.01030000,0.00100000,-0.01130000,-0.02855256,-0.03869275,-0.05703631,0.00896200
75241,20101029,PXD,0.00896200,-0.00000000,0.00896200,0.01373607,-0.02891710,-0.03447003,0.01619200
75241,20101101,PXD,0.01719200,0.00100000,0.01619200,0.04013950,0.00106902,-0.00950583,0.01425400
75241,20101102,PXD,0.02225400,0.00800000,0.01425400,0.03810308,0.03558658,-0.00327489,0.00688500
75241,20101103,PXD,0.01088500,0.00400000,0.00688500,0.02845833,0.05530623,0.01297870,0.00648700
75241,20101104,PXD,0.02548700,0.01900000,0.00648700,0.02436117,0.05698931,0.01468186,0.01035400
75241,20101105,PXD,0.01435400,0.00400000,0.01035400,0.02599132,0.04865718,0.01732078,0.00855100
75241,20101108,PXD,0.00655100,-0.00200000,0.00855100,0.02875062,0.04329591,0.04473181,0.00969200
75241,20101109,PXD,0.00169200,-0.00800000,0.00969200,0.02358135,0.04155705,0.07980856,0.00522700
75241,20101110,PXD,0.00922700,0.00400000,0.00522700,0.02376671,0.04312050,0.10186997,0.00876400
75241,20101111,PXD,0.00476400,-0.00400000,0.00876400,0.01266560,0.03078916,0.08940757,-0.00120000
75241,20101112,PXD,-0.01320000,-0.01200000,-0.00120000,0.00985398,0.02467502,0.07433794,0.00242900
75241,20101115,PXD,0.00142900,-0.00100000,0.00242900,0.00712204,0.02086862,0.06417428,0.00601400
75241,20101116,PXD,-0.00998600,-0.01600000,0.00601400,0.01412727,0.02133375,0.06278072,0.00576400
75241,20101117,PXD,0.00576400,0.00000000,0.00576400,0.02289692,0.02382361,0.06721468,0.01104800
75241,20101118,PXD,0.02604800,0.01500000,0.01104800,0.03068439,0.03898586,0.07014559,0.01324800
75241,20101119,PXD,0.01624800,0.00300000,0.01324800,0.01980743,0.03163073,0.05641906,-0.00462000
75241,20101122,PXD,-0.00662000,-0.00200000,-0.00462000,-0.00386267,0.01275513,0.03355989,-0.01215400
75241,20101123,PXD,-0.02615400,-0.01400000,-0.01215400,-0.00890590,0.01535791,0.03687628,0.00824100
75241,20101124,PXD,0.02324100,0.01500000,0.00824100,-0.00937655,-0.00099243,0.02269710,-0.00511400
75241,20101126,PXD,-0.01211400,-0.00700000,-0.00511400,0.02797416,0.01031880,0.04935626,0.02475800
75241,20101129,PXD,0.02375800,-0.00100000,0.02475800,0.02479662,0.02045866,0.05231501,0.00550100
75241,20101130,PXD,-0.00049900,-0.00600000,0.00550100,0.06153127,0.06519299,0.07918766,0.02992900
75241,20101201,PXD,0.05192900,0.02200000,0.02992900,0.01796331,0.03807915,0.05498224,-0.01715300
75241,20101202,PXD,-0.00415300,0.01300000,-0.01715300,0.01079115,0.04244419,0.04115686,-0.00145100
75241,20101203,PXD,0.00154900,0.00300000,-0.00145100,-0.00885247,0.02676244,0.03743253,0.00980400
75241,20101206,PXD,0.00880400,-0.00100000,0.00980400,0.00450816,0.01703374,0.03840205,-0.00383000
75241,20101207,PXD,-0.00283000,0.00100000,-0.00383000,-0.01363615,-0.03232460,0.03133249,-0.01949400
75241,20101208,PXD,-0.01549400,0.00400000,-0.01949400,-0.02718628,-0.01902301,0.01835551,-0.00388000
75241,20101209,PXD,0.00012000,0.00400000,-0.00388000,-0.01713892,-0.01120723,0.03100929,0.00649300
75241,20101210,PXD,0.01249300,0.00600000,0.00649300,0.00150910,-0.02203605,0.00385421,-0.00106800
75241,20101213,PXD,-0.00106800,0.00000000,-0.00106800,0.00969124,-0.01401336,0.00250054,0.00422600
75241,20101214,PXD,0.00522600,0.00100000,0.00422600,0.00768240,0.01035950,-0.02228498,0.00452700
75241,20101215,PXD,-0.00047300,-0.00500000,0.00452700,0.01192468,0.01748307,-0.00183139,0.00310200
75241,20101216,PXD,0.00910200,0.00600000,0.00310200,0.00299128,0.00616231,-0.00506065,-0.00463100
75241,20101217,PXD,-0.00363100,0.00100000,-0.00463100,0.00191201,0.01076435,-0.01147842,0.00346600
75241,20101220,PXD,0.00646600,0.00300000,0.00346600,0.01211166,0.01994748,0.00580112,0.01327300
75241,20101221,PXD,0.01927300,0.00600000,0.01327300,0.01675761,0.01526170,0.02606879,-0.00013500
75241,20101222,PXD,0.00286500,0.00300000,-0.00013500,0.00479748,0.00361111,0.02137900,-0.00817000
75241,20101223,PXD,-0.01017000,-0.00200000,-0.00817000,-0.01574685,0.00072511,0.00696203,-0.00746500
75241,20101227,PXD,-0.00646500,0.00100000,-0.00746500,-0.01896592,-0.00621172,0.00454565,-0.00344000
75241,20101228,PXD,-0.00244000,0.00100000,-0.00344000,0.00750273,-0.00090552,0.01909373,0.01856900
75241,20101229,PXD,0.01956900,0.00100000,0.01856900,0.01022807,-0.00550868,0.00954820,-0.00474100
75241,20101230,PXD,-0.00674100,-0.00200000,-0.00474100,0.01230052,0.00131177,0.00494569,-0.00138000
75241,20101231,PXD,-0.00138000,-0.00000000,-0.00138000,0.00073253,0.01596066,0.01688139,0.00696800
75241,20110103,PXD,0.01796800,0.01100000,0.00696800,-0.00331799,0.01047478,0.00423667,-0.00873100
75241,20110104,PXD,-0.00973100,-0.00100000,-0.00873100,0.00027923,-0.00592668,-0.00686232,0.00219800
75241,20110105,PXD,0.00719800,0.00500000,0.00219800,-0.00651407,-0.00104771,-0.00662123,0.00007100
75241,20110106,PXD,-0.00192900,-0.00200000,0.00007100,0.00312805,0.00122454,0.00255354,0.00086300
75241,20110107,PXD,-0.00113700,-0.00200000,0.00086300,0.00170084,-0.00486872,0.01094446,0.00077200
75241,20110110,PXD,-0.00022800,-0.00100000,0.00077200,0.02049101,0.02286602,0.03382732,0.01887700
75241,20110111,PXD,0.02287700,0.00400000,0.01887700,0.03360690,0.03444728,0.02871728,0.01347700
75241,20110112,PXD,0.02247700,0.00900000,0.01347700,0.04339477,0.04498674,0.04446877,0.01016200
75241,20110113,PXD,0.00816200,-0.00200000,0.01016200,0.02535988,0.04585761,0.04766285,0.00131200
75241,20110114,PXD,0.00831200,0.00700000,0.00131200,0.01272724,0.04634004,0.04110556,0.00114100
75241,20110118,PXD,0.00214100,0.00100000,0.00114100,-0.00537483,0.01825062,0.04171857,-0.00773300
75241,20110119,PXD,-0.01773300,-0.01000000,-0.00773300,-0.02179432,-0.01071455,0.02310368,-0.01542200
75241,20110120,PXD,-0.01642200,-0.00100000,-0.01542200,-0.03115486,-0.02903951,0.01436068,-0.00852400
75241,20110121,PXD,-0.00652400,0.00200000,-0.00852400,-0.02266462,-0.02897674,0.01496259,0.00134600
75241,20110124,PXD,0.00734600,0.00600000,0.00134600,-0.03001553,-0.05205612,-0.00926497,-0.02276000
75241,20110125,PXD,-0.02276000,0.00000000,-0.02276000,0.00678223,-0.01744846,0.00059966,0.02890000
75241,20110126,PXD,0.03290000,0.00400000,0.02890000,-0.01849328,-0.02578902,-0.03624737,-0.02367300
75241,20110127,PXD,-0.02167300,0.00200000,-0.02367300,0.04262539,0.02064120,-0.00884070,0.03780300
75241,20110128,PXD,0.01980300,-0.01800000,0.03780300,0.04975698,0.05557150,0.02499111,0.03599300
75241,20110131,PXD,0.04399300,0.00800000,0.03599300,0.06212315,0.06731242,0.01088314,-0.01311200
75241,20110201,PXD,0.00388800,0.01700000,-0.01311200,0.02588144,0.03986184,0.02205866,0.00289500
75241,20110202,PXD,-0.00010500,-0.00300000,0.00289500,-0.01944558,0.05530340,0.02871993,-0.00922400
75241,20110203,PXD,-0.00722400,0.00200000,-0.00922400,0.00031162,0.02328830,0.04482741,0.00670200
75241,20110204,PXD,0.00970200,0.00300000,0.00670200,-0.01648008,-0.02682097,0.02876962,-0.01383300
75241,20110207,PXD,-0.00783300,0.00600000,-0.01383300,-0.02212258,-0.02836523,0.03748681,-0.01484200
75241,20110208,PXD,-0.01084200,0.00400000,-0.01484200,-0.02234633,-0.02501645,0.01418606,0.00629900
75241,20110209,PXD,0.00329900,-0.00300000,0.00629900,0.01201146,0.00479353,0.06099893,0.02074400
75241,20110210,PXD,0.02174400,0.00100000,0.02074400,0.02187501,-0.00725977,0.01598934,-0.00527300
75241,20110211,PXD,0.00072700,0.00600000,-0.00527300,0.03775593,0.02882579,0.00168767,0.02175500
75241,20110214,PXD,0.02375500,0.00200000,0.02175500,0.00985745,0.03735800,0.00829831,-0.00642300
75241,20110215,PXD,-0.00942300,-0.00300000,-0.00642300,0.03090423,0.04715718,0.02122763,0.01548100
75241,20110216,PXD,0.02148100,0.00600000,0.01548100,0.01275530,0.02965384,0.03498380,0.00381000
75241,20110217,PXD,0.00681000,0.00300000,0.00381000,0.00400067,0.01933805,0.01213684,-0.01503000
75241,20110218,PXD,-0.01303000,0.00200000,-0.01503000,0.00468280,0.01346905,0.04243852,0.01586000
75241,20110222,PXD,-0.00514000,-0.02100000,0.01586000,0.02622015,0.04590091,0.08450747,0.02575300
75241,20110223,PXD,0.01975300,-0.00600000,0.02575300,0.03963768,0.02838792,0.07614157,-0.00168200
75241,20110224,PXD,-0.00268200,-0.00100000,-0.00168200,0.03800791,0.03826257,0.06913830,0.01350200
75241,20110225,PXD,0.02450200,0.01100000,0.01350200,0.00054035,0.04259784,0.06296876,-0.01105500
75241,20110228,PXD,-0.00505500,0.00600000,-0.01105500,-0.01204754,0.01177848,0.02516751,-0.01399800
75241,20110301,PXD,-0.02999800,-0.01600000,-0.01399800,-0.02600738,-0.01490334,0.03063620,-0.00119400
75241,20110302,PXD,0.00080600,0.00200000,-0.00119400,-0.02539863,-0.02362617,0.00519728,-0.01025600
75241,20110303,PXD,0.00674400,0.01700000,-0.01025600,-0.00454671,-0.02948867,0.00815791,0.00680000
75241,20110304,PXD,-0.00020000,-0.00700000,0.00680000,-0.00250627,-0.01764462,0.02387816,0.00080000
75241,20110307,PXD,-0.00720000,-0.00800000,0.00080000,-0.01961654,-0.03117347,-0.01941746,-0.02743300
75241,20110308,PXD,-0.01843300,0.00900000,-0.02743300,-0.02622733,-0.02973691,-0.04439652,0.00017900
75241,20110309,PXD,-0.00082100,-0.00100000,0.00017900,-0.03698588,-0.02925094,-0.05215360,-0.01047500
75241,20110310,PXD,-0.02947500,-0.01900000,-0.01047500,-0.01130150,-0.03709474,-0.06519211,-0.00096800
75241,20110311,PXD,0.00603200,0.00700000,-0.00096800,0.01569812,-0.01134191,-0.02846719,0.02777300
75241,20110314,PXD,0.02177300,-0.00600000,0.02777300,0.03597820,0.02470174,-0.00599462,0.00904400
75241,20110315,PXD,-0.00195600,-0.01100000,0.00904400,0.04276484,0.03067606,0.00173473,0.00662300
75241,20110316,PXD,-0.01237700,-0.01900000,0.00662300,0.04342967,0.07115781,0.03845467,0.02814900
75241,20110317,PXD,0.04114900,0.01300000,0.02814900,0.02052974,0.05756067,0.01833921,-0.01373000
75241,20110318,PXD,-0.00973000,0.00400000,-0.01373000,0.02189648,0.03756553,0.02539625,0.00748800
75241,20110321,PXD,0.02248800,0.01500000,0.00748800,-0.01388010,0.02075437,0.04556312,-0.00729400
75241,20110322,PXD,-0.01129400,-0.00400000,-0.00729400,-0.02126613,-0.00776392,0.02400033,-0.02103600
75241,20110323,PXD,-0.01803600,0.00300000,-0.02103600,-0.02373139,-0.03060171,0.04081026,0.00477500
75241,20110324,PXD,0.01377500,0.00900000,0.00477500,-0.01265883,-0.01279729,0.04577829,0.00394500
75241,20110325,PXD,0.00694500,0.00300000,0.00394500,0.01039671,-0.01827321,0.01887687,0.00160100
75241,20110328,PXD,-0.00139900,-0.00300000,0.00160100,0.02783571,0.01105815,0.03253405,0.02212900
75241,20110329,PXD,0.02912900,0.00700000,0.02212900,0.01708228,0.02632330,0.01899809,-0.00661100
75241,20110330,PXD,0.00038900,0.00700000,-0.00661100,0.00859586,0.01425543,-0.01676249,-0.00665700
75241,20110331,PXD,-0.00865700,-0.00200000,-0.00665700,0.00010829,0.02405900,0.01140385,0.01354400
75241,20110401,PXD,0.01854400,0.00500000,0.01354400,0.01500407,0.03097382,0.01206935,0.00818800
75241,20110404,PXD,0.00818800,0.00000000,0.00818800,0.01570196,0.00224844,0.01348510,-0.00602000
75241,20110405,PXD,-0.00602000,-0.00000000,-0.00602000,-0.01616069,-0.00956798,0.01641331,-0.01824500
75241,20110406,PXD,-0.01624500,0.00200000,-0.01824500,-0.00869067,0.01295941,0.02762647,0.01577800
75241,20110407,PXD,0.01377800,-0.00200000,0.01577800,0.00736884,0.00949467,0.03381898,0.01007200
75241,20110408,PXD,0.00607200,-0.00400000,0.01007200,0.00887618,-0.01527090,0.01475251,-0.01664000
75241,20110411,PXD,-0.01964000,-0.00300000,-0.01664000,-0.04829761,-0.05081439,-0.04922249,-0.04223000
75241,20110412,PXD,-0.05023000,-0.00800000,-0.04223000,-0.05589533,-0.03136843,-0.04063128,0.00216100
75241,20110413,PXD,0.00216100,0.00000000,0.00216100,-0.03196906,-0.03817710,-0.02609669,0.00862400
75241,20110414,PXD,0.00862400,0.00000000,0.00862400,0.02532457,-0.03455900,-0.02532073,0.01432300
75241,20110415,PXD,0.01832300,0.00400000,0.01432300,0.01833772,-0.02244027,-0.03698271,-0.00439400
75241,20110418,PXD,-0.01539400,-0.01100000,-0.00439400,0.01208018,0.02300257,-0.02926905,0.00232500
75241,20110419,PXD,0.00832500,0.00600000,0.00232500,0.01072848,0.03432903,0.00089890,0.01298300
75241,20110420,PXD,0.02698300,0.01400000,0.01298300,-0.00041315,0.00952076,-0.02984776,-0.01539200
75241,20110421,PXD,-0.01039200,0.00500000,-0.01539200,-0.00646044,-0.00858146,-0.04319420,-0.00364700
75241,20110425,PXD,-0.00564700,-0.00200000,-0.00364700,-0.02672293,-0.01203829,-0.03475375,-0.00770500
75241,20110426,PXD,0.00129500,0.00900000,-0.00770500,-0.01361877,-0.01663629,0.00674563,-0.00221900
75241,20110427,PXD,0.00378100,0.00600000,-0.00221900,-0.02160563,-0.04059332,-0.00742064,-0.01153400
75241,20110428,PXD,-0.00753400,0.00400000,-0.01153400,0.00516975,-0.00633070,0.00319801,0.01907500
75241,20110429,PXD,0.02107500,0.00200000,0.01907500,-0.00082353,-0.01084072,-0.01962193,-0.00807500
75241,20110502,PXD,-0.01007500,-0.00200000,-0.00807500,-0.03594814,-0.04957627,-0.06270530,-0.04620900
75241,20110503,PXD,-0.04920900,-0.00300000,-0.04620900,-0.08488042,-0.07873022,-0.09650285,-0.03342800
75241,20110504,PXD,-0.04042800,-0.00700000,-0.03342800,-0.10452890,-0.09506867,-0.13314275,-0.03020700
75241,20110505,PXD,-0.03920700,-0.00900000,-0.03020700,-0.06220361,-0.11169539,-0.11934628,0.00017100
75241,20110506,PXD,0.00417100,0.00400000,0.00017100,0.01728222,-0.06189628,-0.07314001,0.04933300
75241,20110509,PXD,0.05433300,0.00500000,0.04933300,0.05606789,-0.01148272,-0.06061374,0.00562900
75241,20110510,PXD,0.01362900,0.00800000,0.00562900,0.04446676,0.01268090,-0.06687614,-0.00990300
75241,20110511,PXD,-0.02090300,-0.01100000,-0.00990300,-0.01201103,0.03708850,-0.06324629,-0.00757500
75241,20110512,PXD,-0.00257500,0.00500000,-0.00757500,-0.01803098,0.03561303,-0.08053492,-0.00082000
75241,20110513,PXD,-0.00882000,-0.00800000,-0.00082000,-0.02595299,-0.03018743,-0.08916433,-0.01787400
75241,20110516,PXD,-0.02387400,-0.00600000,-0.01787400,-0.02401724,-0.04058149,-0.05140528,-0.00567000
75241,20110517,PXD,-0.00567000,-0.00000000,-0.00567000,-0.00641849,-0.01470229,-0.00216284,0.01772200
75241,20110518,PXD,0.02672200,0.00900000,0.01772200,0.00021052,-0.01853191,0.01755213,-0.01147400
75241,20110519,PXD,-0.00947400,0.00200000,-0.01147400,0.01384131,-0.01004297,0.02511397,0.00778000
75241,20110520,PXD,-0.00022000,-0.00800000,0.00778000,-0.01047869,0.00098924,-0.02896513,-0.00691400
75241,20110523,PXD,-0.01891400,-0.01200000,-0.00691400,0.01835457,0.02451857,-0.01713667,0.01792400
75241,20110524,PXD,0.01692400,-0.00100000,0.01792400,0.01398435,0.01020982,-0.00440865,0.00328200
75241,20110525,PXD,0.00628200,0.00300000,0.00328200,0.01528935,0.01577573,-0.00283745,-0.00597200
75241,20110526,PXD,-0.00197200,0.00400000,-0.00597200,-0.00652247,0.00428843,-0.00578985,-0.00378100
75241,20110527,PXD,0.00021900,0.00400000,-0.00378100,-0.01340970,0.00800017,0.00894539,-0.00353900
75241,20110531,PXD,0.00746100,0.01100000,-0.00353900,0.01005741,0.00740877,0.03200113,0.01711900
75241,20110601,PXD,-0.00588100,-0.02300000,0.01711900,0.01773937,0.00806825,0.01817707,0.00395800
75241,20110602,PXD,0.00295800,-0.00100000,0.00395800,0.02676672,0.01985830,0.03536602,0.00595800
75241,20110603,PXD,-0.00404200,-0.01000000,0.00595800,-0.01318863,0.00027859,0.00442245,-0.02299900
75241,20110606,PXD,-0.03399900,-0.01100000,-0.02299900,-0.01690816,0.00371814,0.01146408,0.00009200
75241,20110607,PXD,-0.00090800,-0.00100000,0.00009200,-0.03045103,-0.02068132,-0.01359612,-0.00793200
75241,20110608,PXD,-0.01193200,-0.00400000,-0.00793200,0.00155037,-0.01555556,-0.00768288,0.00956100
75241,20110609,PXD,0.01656100,0.00700000,0.00956100,-0.00677121,-0.02916891,-0.00978505,-0.00817400
75241,20110610,PXD,-0.02217400,-0.01400000,-0.00817400,-0.03173245,-0.03911073,-0.03752207,-0.03304900
75241,20110613,PXD,-0.03204900,0.00100000,-0.03304900,-0.03296463,-0.03165153,-0.02660620,0.00851600
75241,20110614,PXD,0.02151600,0.01300000,0.00851600,-0.02222886,-0.02098170,-0.04045469,0.00260700
75241,20110615,PXD,-0.01439300,-0.01700000,0.00260700,0.01585593,-0.02540066,-0.03984278,0.00476700
75241,20110616,PXD,0.00676700,0.00200000,0.00476700,-0.00032477,-0.02525196,-0.05315685,-0.00771700
75241,20110617,PXD,-0.00471700,0.00300000,-0.00771700,-0.00694478,0.00415291,-0.03539180,-0.00393400
75241,20110620,PXD,0.00106600,0.00500000,-0.00393400,0.00564914,0.01307062,-0.01914073,0.01753600
75241,20110621,PXD,0.03053600,0.01300000,0.01753600,0.01126602,0.00826516,-0.01333225,-0.00215400
75241,20110622,PXD,-0.00815400,-0.00600000,-0.00215400,0.01207756,0.00031681,-0.02540020,-0.00302100
75241,20110623,PXD,-0.00602100,-0.00300000,-0.00302100,-0.00933030,0.00366085,-0.02159663,-0.00430900
75241,20110624,PXD,-0.01630900,-0.01200000,-0.00430900,-0.00883799,0.00608469,0.01030121,-0.00153900
75241,20110627,PXD,0.00746100,0.00900000,-0.00153900,0.00529346,0.00002411,0.01310539,0.01133300
75241,20110628,PXD,0.02433300,0.01300000,0.01133300,0.02216940,0.01418856,0.02293547,0.01185300
75241,20110629,PXD,0.01985300,0.00800000,0.01185300,0.02158287,0.01534405,0.01585794,-0.00212300
75241,20110630,PXD,0.00787700,0.01000000,-0.00212300,0.00163514,0.01186473,0.01573316,-0.00808300
75241,20110701,PXD,0.00591700,0.01400000,-0.00808300,0.00073939,0.02488219,0.03140975,0.01087800
75241,20110705,PXD,0.00987800,-0.00100000,0.01087800,0.00509180,0.01517744,0.01521455,0.00218700
75241,20110706,PXD,0.00318700,0.00100000,0.00218700,0.01674884,0.00657817,0.02144573,0.00347500
75241,20110707,PXD,0.01347500,0.01000000,0.00347500,-0.00228451,0.00055792,0.01618660,-0.00780900
75241,20110708,PXD,-0.01480900,-0.00700000,-0.00780900,-0.02552174,-0.01295666,-0.00213985,-0.02117100
75241,20110711,PXD,-0.03917100,-0.01800000,-0.02117100,-0.02678739,-0.02170394,0.00121797,0.00171600
75241,20110712,PXD,-0.00228400,-0.00400000,0.00171600,-0.01951889,-0.02386776,-0.01006892,-0.00002400
75241,20110713,PXD,0.00297600,0.00300000,-0.00002400,-0.00889597,-0.03671845,-0.03185919,-0.01057400
75241,20110714,PXD,-0.01757400,-0.00700000,-0.01057400,0.08571835,0.06269708,0.06434279,0.09784500
75241,20110715,PXD,0.10384500,0.00600000,0.09784500,0.07442271,0.07615551,0.06119042,-0.00957300
75241,20110718,PXD,-0.01757300,-0.00800000,-0.00957300,0.11757118,0.10507141,0.07897355,0.02738000
75241,20110719,PXD,0.04338000,0.01600000,0.02738000,0.01407627,0.10133976,0.07328092,-0.00300400
75241,20110720,PXD,-0.00400400,-0.00100000,-0.00300400,0.02468308,0.11578773,0.07003925,0.00012100
75241,20110721,PXD,0.01412100,0.01400000,0.00012100,0.00776500,0.02537257,0.09053075,0.01058700
75241,20110722,PXD,0.01158700,0.00100000,0.01058700,0.00530092,0.02994314,0.10990938,-0.00535300
75241,20110725,PXD,-0.01135300,-0.00600000,-0.00535300,0.00055051,-0.00234322,0.10286696,-0.00453700
75241,20110726,PXD,-0.00853700,-0.00400000,-0.00453700,-0.01714384,-0.00705308,0.09198959,-0.00767500
75241,20110727,PXD,-0.02767500,-0.02000000,-0.00767500,-0.02599787,-0.02102929,0.08808115,-0.01450000
75241,20110728,PXD,-0.01750000,-0.00300000,-0.01450000,-0.01804061,-0.02721787,-0.00411079,0.00374700
75241,20110729,PXD,-0.00225300,-0.00600000,0.00374700,-0.00666159,-0.01832158,0.00953785,0.00410800
75241,20110801,PXD,0.00010800,-0.00400000,0.00410800,-0.00945410,-0.03000537,-0.03225928,-0.01711800
75241,20110802,PXD,-0.04311800,-0.02600000,-0.01711800,-0.03302442,-0.04283616,-0.04869720,-0.02073200
75241,20110803,PXD,-0.01573200,0.00500000,-0.02073200,-0.05994801,-0.05252205,-0.06915292,-0.02620900
75241,20110804,PXD,-0.07420900,-0.04800000,-0.02620900,-0.07278196,-0.08219010,-0.10202667,-0.02995300
75241,20110805,PXD,-0.03095300,-0.00100000,-0.02995300,-0.08152739,-0.10965287,-0.11954907,-0.03480700
75241,20110808,PXD,-0.10180700,-0.06700000,-0.03480700,-0.03691699,-0.07807473,-0.09923178,0.03177600
75241,20110809,PXD,0.07877600,0.04700000,0.03177600,0.00046479,-0.04993073,-0.08414925,0.00827600
75241,20110810,PXD,-0.03572400,-0.04400000,0.00827600,0.04965318,-0.02135526,-0.06983416,0.00820900
75241,20110811,PXD,0.05420900,0.04600000,0.00820900,0.01354266,0.00518087,-0.07630895,-0.00306200
75241,20110812,PXD,0.00193800,0.00500000,-0.00306200,0.02425386,0.06745825,-0.06672033,0.01810300
75241,20110815,PXD,0.04010300,0.02200000,0.01810300,0.00564105,0.02258594,-0.06006292,-0.00884500
75241,20110816,PXD,-0.01884500,-0.01000000,-0.00884500,0.00513160,0.01050654,-0.04435328,-0.00352700
75241,20110817,PXD,-0.00252700,0.00100000,-0.00352700,-0.03206390,-0.01921021,-0.03909449,-0.02074600
75241,20110818,PXD,-0.06574600,-0.04500000,-0.02074600,-0.03297240,-0.02543542,-0.02016617,-0.00994900
75241,20110819,PXD,-0.02494900,-0.01500000,-0.00994900,-0.03492395,-0.04576312,0.01058570,-0.00570200
75241,20110822,PXD,-0.00570200,0.00000000,-0.00570200,-0.01754072,-0.04085288,-0.02047213,-0.00155200
75241,20110823,PXD,0.03244800,0.03400000,-0.00155200,-0.01170250,-0.04180050,-0.03459109,-0.00405900
75241,20110824,PXD,0.00894100,0.01300000,-0.00405900,-0.01697602,-0.03244274,-0.05041545,-0.01085300
75241,20110825,PXD,-0.02685300,-0.01600000,-0.01085300,-0.00808620,-0.01582736,-0.04128537,0.00721300
75241,20110826,PXD,0.02221300,0.01500000,0.00721300,-0.00336338,-0.00942040,-0.05756585,0.00074900
75241,20110829,PXD,0.02874900,0.02800000,0.00074900,0.00968084,-0.00611905,-0.04828266,0.00141100
75241,20110830,PXD,0.00341100,0.00200000,0.00141100,0.01986166,0.01562041,-0.02848059,0.01709700
75241,20110831,PXD,0.02209700,0.00500000,0.01709700,0.03092009,0.04065466,0.00627495,0.01225600
75241,20110901,PXD,0.00025600,-0.01200000,0.01225600,0.00455545,0.00683432,-0.00874176,-0.02360000
75241,20110902,PXD,-0.04860000,-0.02500000,-0.02360000,-0.02128834,-0.00406641,-0.01340916,-0.01020700
75241,20110906,PXD,-0.01720700,-0.00700000,-0.01020700,-0.00980938,0.01927966,0.01392130,0.02598600
75241,20110907,PXD,0.05498600,0.02900000,0.02598600,0.00490226,-0.00711437,0.00773916,-0.00961400
75241,20110908,PXD,-0.02061400,-0.01100000,-0.00961400,0.00418920,-0.02890405,0.00779412,-0.01059600
75241,20110909,PXD,-0.03759600,-0.02700000,-0.01059600,-0.02335664,-0.00964673,-0.00291875,-0.00369900
75241,20110912,PXD,0.00330100,0.00700000,-0.00369900,-0.00941325,0.00565439,0.00133242,0.00512100
75241,20110913,PXD,0.01412100,0.00900000,0.00512100,0.00814143,-0.01263578,0.00635267,0.00660200
75241,20110914,PXD,0.01960200,0.01300000,0.00660200,0.04345143,0.02716386,0.01900391,0.03033500
75241,20110915,PXD,0.04733500,0.01700000,0.03033500,0.05363359,0.05602745,0.02165616,0.01476200
75241,20110916,PXD,0.02076200,0.00600000,0.01476200,0.01749204,0.03012268,0.01954854,-0.02621500
75241,20110919,PXD,-0.03621500,-0.01000000,-0.02621500,-0.02825691,0.00724160,0.01311681,-0.01640200
75241,20110920,PXD,-0.01840200,-0.00200000,-0.01640200,-0.03737891,0.00414853,-0.00834585,0.00356700
75241,20110921,PXD,-0.02543300,-0.02900000,0.00356700,-0.05733834,-0.06780176,-0.04552073,-0.04736500
75241,20110922,PXD,-0.07936500,-0.03200000,-0.04736500,-0.05988358,-0.09633887,-0.05450419,-0.01885800
75241,20110923,PXD,-0.01285800,0.00600000,-0.01885800,-0.05055001,-0.06073567,-0.03562764,0.01755700
75241,20110926,PXD,0.04055700,0.02300000,0.01755700,0.01126647,-0.03432692,-0.02831691,0.01289800
75241,20110927,PXD,0.02389800,0.01100000,0.01289800,0.00434133,-0.06187999,-0.05690331,-0.02456800
75241,20110928,PXD,-0.04556800,-0.02100000,-0.02456800,-0.02272312,-0.02529662,-0.09153394,-0.01033000
75241,20110929,PXD,-0.00233000,0.00800000,-0.01033000,-0.04790233,-0.02104456,-0.11350181,-0.01485400
75241,20110930,PXD,-0.03985400,-0.02500000,-0.01485400,-0.05490287,-0.06562108,-0.11678988,-0.03205800
75241,20111003,PXD,-0.06005800,-0.02800000,-0.03205800,-0.01511918,-0.04793147,-0.07803906,0.03445400
75241,20111004,PXD,0.05645400,0.02200000,0.03445400,0.02613787,-0.00013387,-0.06162445,0.02671000
75241,20111005,PXD,0.04471000,0.01800000,0.02671000,0.07982883,0.02415213,-0.00120358,0.01395100
75241,20111006,PXD,0.03195100,0.01800000,0.01395100,0.02004536,0.01951602,-0.00248134,-0.01983700
75241,20111007,PXD,-0.02783700,-0.00800000,-0.01983700,0.00256229,0.06891700,-0.01064974,0.00938900
75241,20111010,PXD,0.04338900,0.03400000,0.00938900,-0.03442395,0.00577079,-0.04576237,-0.02270300
75241,20111011,PXD,-0.02170300,0.00100000,-0.02270300,-0.02639375,-0.03341126,-0.03334335,-0.01171800
75241,20111012,PXD,-0.00171800,0.01000000,-0.01171800,-0.02856075,-0.04044509,-0.01660170,0.00586700
75241,20111013,PXD,0.00286700,-0.00300000,0.00586700,0.05563046,0.04215045,0.06455432,0.06148500
75241,20111014,PXD,0.07848500,0.01700000,0.06148500,0.06524423,0.02950768,0.10339528,-0.00101600
75241,20111017,PXD,-0.02001600,-0.01900000,-0.00101600,0.11446377,0.10866612,0.12216670,0.05114800
75241,20111018,PXD,0.07114800,0.02000000,0.05114800,0.06647010,0.13868282,0.10831454,0.01716700
75241,20111019,PXD,0.00416700,-0.01300000,0.01716700,0.07154785,0.13553710,0.09382517,0.00216800
75241,20111020,PXD,0.00716800,0.00500000,0.00216800,0.02508134,0.07594528,0.12633190,0.00522300
75241,20111021,PXD,0.02422300,0.01900000,0.00522300,0.02735526,0.10087149,0.13523427,0.01918300
75241,20111024,PXD,0.03218300,0.01300000,0.01918300,0.02248395,0.04239481,0.15709015,-0.00185000
75241,20111025,PXD,-0.02185000,-0.02000000,-0.00185000,0.01986719,0.02799123,0.17445622,0.00276500
75241,20111026,PXD,0.01376500,0.01100000,0.00276500,0.01498007,0.04138540,0.19071549,0.01423700
75241,20111027,PXD,0.04823700,0.03400000,0.01423700,0.02308757,0.04096609,0.12335948,0.00545400
75241,20111028,PXD,0.00545400,0.00000000,0.00545400,-0.00886465,-0.00794935,0.09165183,-0.02687000
75241,20111031,PXD,-0.05187000,-0.02500000,-0.02687000,-0.02769112,-0.01303892,0.02836398,-0.00692300
75241,20111101,PXD,-0.03492300,-0.02800000,-0.00692300,0.06730936,0.09015390,0.12305570,0.10984899
75241,20111102,PXD,0.12584899,0.01600000,0.10984899,0.11585252,0.08860633,0.13797404,0.01379900
75241,20111103,PXD,0.03279900,0.01900000,0.01379900,0.12158013,0.07761570,0.12368103,-0.00440900
75241,20111104,PXD,-0.01040900,-0.00600000,-0.00440900,-0.00942061,0.09062012,0.08179672,-0.01823600
75241,20111107,PXD,-0.01223600,0.00600000,-0.01823600,-0.07101856,0.04641800,0.03172038,-0.04937900
75241,20111108,PXD,-0.03737900,0.01200000,-0.04937900,-0.05413931,-0.04635003,0.03920139,0.01115100
75241,20111109,PXD,-0.02584900,-0.03700000,0.01115100,0.01765137,-0.00485295,0.08193435,0.05843900
75241,20111110,PXD,0.06743900,0.00900000,0.05843900,0.06382776,-0.00587588,0.07205172,-0.00543100
75241,20111111,PXD,0.01356900,0.01900000,-0.00543100,0.06009445,0.01887645,0.11059983,0.00635900
75241,20111114,PXD,-0.00364100,-0.01000000,0.00635900,-0.00169624,0.06736054,0.11942741,-0.00274300
75241,20111115,PXD,0.00225700,0.00500000,-0.00274300,0.03160355,0.08676403,0.03552934,0.02804700
75241,20111116,PXD,0.01104700,-0.01700000,0.02804700,0.00781105,0.00892588,0.00397911,-0.01694500
75241,20111117,PXD,-0.03394500,-0.01700000,-0.01694500,-0.00296852,0.00057006,-0.00507784,-0.01372600
75241,20111118,PXD,-0.01372600,-0.00000000,-0.01372600,-0.02468138,-0.00050310,0.01747444,0.00519500
75241,20111121,PXD,-0.01380500,-0.01900000,0.00519500,-0.01616622,-0.00559124,0.05771291,-0.00807900
75241,20111122,PXD,-0.01207900,-0.00400000,-0.00807900,-0.01959657,-0.04753488,0.02957570,-0.01731000
75241,20111123,PXD,-0.03931000,-0.02200000,-0.01731000,-0.02919227,-0.03649508,-0.02757530,-0.00449400
75241,20111125,PXD,-0.00749400,-0.00300000,-0.00449400,0.00122715,-0.00160697,-0.00098701,0.02457100
75241,20111128,PXD,0.05357100,0.02900000,0.02457100,0.03519648,0.00770317,0.00683093,0.01472200
75241,20111129,PXD,0.01672200,0.00200000,0.01472200,0.05763610,0.03175351,0.02393929,0.01473100
75241,20111130,PXD,0.05773100,0.04300000,0.01473100,0.02332236,0.04499986,-0.01073252,-0.00646200
75241,20111201,PXD,-0.00846200,-0.00200000,-0.00646200,-0.00209064,0.03953319,-0.00294704,-0.00949400
75241,20111202,PXD,-0.00949400,-0.00000000,-0.00949400,-0.02024975,0.00879752,0.00691762,-0.00429200
75241,20111205,PXD,0.00570800,0.01000000,-0.00429200,-0.00396918,0.00379031,0.01193116,0.00992300
75241,20111206,PXD,0.01092300,0.00100000,0.00992300,-0.01874049,-0.03448809,-0.00515563,-0.02403400
75241,20111207,PXD,-0.02203400,0.00200000,-0.02403400,-0.03473373,-0.04819059,-0.00910462,-0.02091900
75241,20111208,PXD,-0.04191900,-0.02100000,-0.02091900,-0.03195564,-0.02681921,0.01003011,0.01363900
75241,20111209,PXD,0.03063900,0.01700000,0.01363900,-0.02522704,-0.03901742,-0.03279152,-0.01736100
75241,20111212,PXD,-0.03236100,-0.01500000,-0.01736100,-0.00878347,-0.05189732,-0.05112103,-0.00437700
75241,20111213,PXD,-0.01337700,-0.00900000,-0.00437700,-0.05666551,-0.06387679,-0.09552647,-0.03714400
75241,20111214,PXD,-0.04814400,-0.01100000,-0.03714400,-0.04425625,-0.04851901,-0.09323688,-0.00336200
75241,20111215,PXD,-0.00036200,0.00300000,-0.00336200,-0.03228551,-0.05215455,-0.07725207,0.00871400
75241,20111216,PXD,0.01171400,0.00300000,0.00871400,-0.01156021,-0.05158401,-0.08673714,-0.01664600
75241,20111219,PXD,-0.02864600,-0.01200000,-0.01664600,0.01964144,-0.02260367,-0.07338467,0.02861400
75241,20111220,PXD,0.05861400,0.03000000,0.02861400,0.02448845,0.03021010,-0.03841701,0.01343800
75241,20111221,PXD,0.01543800,0.00200000,0.01343800,0.05688123,0.04733560,-0.00570175,0.01269000
75241,20111222,PXD,0.02069000,0.00800000,0.01269000,0.00828684,0.01937375,-0.03628327,-0.01773600
75241,20111223,PXD,-0.00873600,0.00900000,-0.01773600,0.01196214,0.05648803,-0.00203236,0.01706000
75241,20111227,PXD,0.01706000,0.00000000,0.01706000,-0.01324380,0.01262269,-0.01026403,-0.01232800
75241,20111228,PXD,-0.02432800,-0.01200000,-0.01232800,0.00632926,0.00111101,0.03186431,0.00198000
75241,20111229,PXD,0.01298000,0.01100000,0.00198000,-0.00087112,-0.00169896,0.04568482,0.00973200
75241,20111230,PXD,0.00573200,-0.00400000,0.00973200,0.03259041,0.03675229,0.05839073,0.02020300
75241,20120103,PXD,0.03520300,0.01500000,0.02020300,0.04064991,0.02952876,0.08970511,0.01004000
75241,20120104,PXD,0.01004000,0.00000000,0.01004000,0.04923193,0.06220072,0.07635345,0.01773500
75241,20120105,PXD,0.02073500,0.00300000,0.01773500,0.01490686,0.04571665,0.04761844,-0.01260200
75241,20120106,PXD,-0.01560200,-0.00300000,-0.01260200,0.01350677,0.04478003,0.04314741,0.00863700
75241,20120109,PXD,0.01063700,0.00200000,0.00863700,0.01463313,0.04329319,0.08246528,0.01889200
75241,20120110,PXD,0.02789200,0.00900000,0.01889200,-0.00740110,-0.00256508,0.02718789,-0.03389300
75241,20120111,PXD,-0.03389300,0.00000000,-0.03389300,0.00529600,0.00109852,0.06401722,0.02142300
75241,20120112,PXD,0.02342300,0.00200000,0.02142300,0.00270228,0.03053130,0.07834206,0.01608100
75241,20120113,PXD,0.01108100,-0.00500000,0.01608100,0.04989580,0.03358733,0.08089029,0.01156900
75241,20120117,PXD,0.01556900,0.00400000,0.01156900,0.02151446,0.00787602,0.05211592,-0.00646100
75241,20120118,PXD,0.00453900,0.01100000,-0.00646100,0.01327278,0.05226766,0.05010019,0.00795200
75241,20120119,PXD,0.01295200,0.00500000,0.00795200,-0.03159351,-0.00412310,-0.00305274,-0.03251900
75241,20120120,PXD,-0.03151900,0.00100000,-0.03251900,-0.00108447,0.00405915,0.03539217,0.02435800
75241,20120123,PXD,0.02435800,0.00000000,0.02435800,-0.02636342,-0.02533136,0.00769140,-0.01758300
75241,20120124,PXD,-0.01858300,-0.00100000,-0.01758300,0.03069510,0.00493273,0.01301735,0.02418700
75241,20120125,PXD,0.03318700,0.00900000,0.02418700,-0.01573088,-0.02455225,0.02616747,-0.02139200
75241,20120126,PXD,-0.02739200,-0.00600000,-0.02139200,-0.00918698,-0.00290756,-0.00706504,-0.01106900
75241,20120127,PXD,-0.01306900,-0.00200000,-0.01106900,-0.02697161,-0.02141826,-0.01791124,0.00525800
75241,20120130,PXD,0.00225800,-0.00300000,0.00525800,0.01097019,0.01295408,-0.01244520,0.01700100
75241,20120131,PXD,0.01700100,-0.00000000,0.01700100,0.00932167,-0.02335904,-0.01887976,-0.01292700
75241,20120201,PXD,-0.00392700,0.00900000,-0.01292700,0.04140440,0.03505049,0.00961899,0.03691300
75241,20120202,PXD,0.03791300,0.00100000,0.03691300,0.02610022,0.04946225,0.04634366,0.00185200
75241,20120203,PXD,0.01685200,0.01500000,0.00185200,0.05303729,0.05779867,0.03442670,0.01293200
75241,20120206,PXD,0.01293200,-0.00000000,0.01293200,0.03839547,0.06392855,0.07793137,0.02268300
75241,20120207,PXD,0.02468300,0.00200000,0.02268300,0.04820385,0.09042110,0.06429427,0.01175200
75241,20120208,PXD,0.01375200,0.00200000,0.01175200,0.03688685,0.05307057,0.09094862,0.00200400
75241,20120209,PXD,0.00300400,0.00100000,0.00200400,0.01158679,0.04781607,0.10059910,-0.00207700
75241,20120210,PXD,-0.00907700,-0.00700000,-0.00207700,0.01734799,0.05282418,0.11529164,0.01754900
75241,20120213,PXD,0.02454900,0.00700000,0.01754900,0.00667662,0.02056953,0.08649740,-0.00847700
75241,20120214,PXD,-0.00947700,-0.00100000,-0.00847700,0.03833389,0.03800661,0.13217099,0.02910000
75241,20120215,PXD,0.02410000,-0.00500000,0.02910000,0.02215052,0.03786208,0.09396190,0.00151500
75241,20120216,PXD,0.01251500,0.01100000,0.00151500,0.01803778,0.02722220,0.07695405,-0.01253300
75241,20120217,PXD,-0.01053300,0.00200000,-0.01253300,-0.01139143,0.00912027,0.06289172,-0.00020800
75241,20120221,PXD,0.00079200,0.00100000,-0.00020800,-0.01026417,0.02032816,0.04147761,0.00247300
75241,20120222,PXD,-0.00052700,-0.00300000,0.00247300,0.00707297,-0.00410802,0.03433470,0.00479500
75241,20120223,PXD,0.00879500,0.00400000,0.00479500,0.01881038,0.00583755,0.04417640,0.01142600
75241,20120224,PXD,0.01342600,0.00200000,0.01142600,-0.00525563,-0.00297355,0.02426210,-0.02113100
75241,20120227,PXD,-0.02013100,0.00100000,-0.02113100,-0.03033552,-0.02326703,-0.01448018,-0.02047100
75241,20120228,PXD,-0.01747100,0.00300000,-0.02047100,-0.05576177,-0.04069291,-0.02133227,-0.01528400
75241,20120229,PXD,-0.02028400,-0.00500000,-0.01528400,-0.02153159,-0.03139838,-0.03587825,0.01461300
75241,20120301,PXD,0.02061300,0.00600000,0.01461300,-0.02933150,-0.06940839,-0.06438107,-0.02827800
75241,20120302,PXD,-0.03127800,-0.00300000,-0.02827800,-0.03071015,-0.06491078,-0.06800663,-0.01666400
75241,20120305,PXD,-0.02066400,-0.00400000,-0.01666400,-0.05523904,-0.05627014,-0.07813501,-0.01222300
75241,20120306,PXD,-0.02722300,-0.01500000,-0.01222300,-0.01615541,-0.03009197,-0.06933897,0.01304500
75241,20120307,PXD,0.02004500,0.00700000,0.01304500,0.01269336,-0.03234576,-0.06279168,0.01240400
75241,20120308,PXD,0.02240400,0.01000000,0.01240400,0.02999046,-0.00041325,-0.06991856,0.00389200
75241,20120309,PXD,0.00789200,0.00400000,0.00389200,0.00133846,0.00171485,-0.06369031,-0.01464800
75241,20120312,PXD,-0.01464800,0.00000000,-0.01464800,-0.01993692,0.00560603,-0.05332064,-0.00893100
75241,20120313,PXD,0.00906900,0.01800000,-0.00893100,-0.03678896,-0.02119811,-0.05139941,-0.01317600
75241,20120314,PXD,-0.01417600,-0.00100000,-0.01317600,-0.02691694,-0.03785449,-0.06965851,-0.00459000
75241,20120315,PXD,0.00141000,0.00600000,-0.00459000,0.01327268,-0.01065728,-0.01109525,0.03147300
75241,20120316,PXD,0.03247300,0.00100000,0.03147300,0.03511262,0.01246600,0.01432316,0.00781700
75241,20120319,PXD,0.01181700,0.00400000,0.00781700,-0.00386596,-0.02163194,-0.01696284,-0.04156000
75241,20120320,PXD,-0.04456000,-0.00300000,-0.04156000,-0.05552573,-0.03051427,-0.05214630,-0.02207100
75241,20120321,PXD,-0.02407100,-0.00200000,-0.02207100,-0.08344950,-0.04798222,-0.08505880,-0.02286800
75241,20120322,PXD,-0.02986800,-0.00700000,-0.02286800,-0.03724033,-0.07005290,-0.08159876,0.00752700
75241,20120323,PXD,0.01052700,0.00300000,0.00752700,0.00173507,-0.06156735,-0.05154444,0.01794100
75241,20120326,PXD,0.03194100,0.01400000,0.01794100,0.04520006,-0.00205839,-0.02376574,0.01871400
75241,20120327,PXD,0.01571400,-0.00300000,0.01871400,0.02996831,0.01365258,-0.01725329,-0.00672100
75241,20120328,PXD,-0.01172100,-0.00500000,-0.00672100,0.01225306,0.03828296,-0.01213595,0.00048100
75241,20120329,PXD,-0.00151900,-0.00200000,0.00048100,0.04973356,0.08921531,0.01190988,0.05674100
75241,20120330,PXD,0.06074100,0.00400000,0.05674100,0.05396196,0.06607939,0.00064650,-0.00343000
75241,20120402,PXD,0.00457000,0.00800000,-0.00343000,0.05598930,0.04896697,0.04704478,0.00248400
75241,20120403,PXD,-0.00151600,-0.00400000,0.00248400,-0.01149286,0.04461834,0.05890713,-0.01054900
75241,20120404,PXD,-0.02054900,-0.01000000,-0.01054900,-0.00735577,0.04491789,0.08511207,0.00072600
75241,20120405,PXD,-0.00027400,-0.00100000,0.00072600,-0.01788865,-0.01884394,0.06693642,-0.00834300
75241,20120409,PXD,-0.01934300,-0.01100000,-0.00834300,-0.01235391,-0.01992313,0.04200302,-0.00495800
75241,20120410,PXD,-0.02195800,-0.01700000,-0.00495800,-0.03337204,-0.04229826,0.00300229,-0.02107900
75241,20120411,PXD,-0.01407900,0.00700000,-0.02107900,-0.00048353,-0.00812530,0.03579366,0.02642800
75241,20120412,PXD,0.04042800,0.01400000,0.02642800,0.00609049,-0.00733729,0.03641067,0.00142800
75241,20120413,PXD,-0.01057200,-0.01200000,0.00142800,0.00843188,-0.01749941,-0.03552361,-0.01859000
75241,20120416,PXD,-0.01959000,-0.00100000,-0.01859000,-0.00311597,0.00149407,-0.01897940,0.01454100
75241,20120417,PXD,0.02954100,0.01500000,0.01454100,-0.01902123,0.00828959,-0.03512088,-0.01429300
75241,20120418,PXD,-0.01829300,-0.00400000,-0.01429300,0.00745847,-0.00981457,-0.01771228,0.00760800
75241,20120419,PXD,0.00160800,-0.00600000,0.00760800,-0.01617884,-0.02090173,-0.02771980,-0.00959400
75241,20120420,PXD,-0.00859400,0.00100000,-0.00959400,0.01079013,0.01067630,-0.00707126,0.01285800
75241,20120423,PXD,0.00485800,-0.00800000,0.01285800,0.01077962,0.00388147,0.00545104,0.00756500
75241,20120424,PXD,0.01156500,0.00400000,0.00756500,0.07229421,0.06977456,0.07950471,0.05066101
75241,20120425,PXD,0.06466100,0.01400000,0.05066101,0.07103484,0.07407810,0.06275412,0.01086800
75241,20120426,PXD,0.01786800,0.00700000,0.01086800,0.06054424,0.08252783,0.05990587,-0.00200000
75241,20120427,PXD,0.00000000,0.00200000,-0.00200000,0.01447498,0.07480025,0.08635987,0.00555700
75241,20120430,PXD,0.00155700,-0.00400000,0.00555700,0.00051761,0.06339642,0.06679864,-0.00306400
75241,20120501,PXD,0.00293600,0.00600000,-0.00306400,-0.02591383,-0.01752301,0.05157078,-0.02830300
75241,20120502,PXD,-0.03030300,-0.00200000,-0.02830300,-0.03878121,-0.03529098,0.03508996,-0.00780300
75241,20120503,PXD,-0.01580300,-0.00800000,-0.00780300,-0.05363539,-0.05142019,0.02391394,-0.01945000
75241,20120504,PXD,-0.03545000,-0.01600000,-0.01945000,-0.03978259,-0.06938372,-0.00287225,-0.01365400
75241,20120507,PXD,-0.01365400,0.00000000,-0.01365400,-0.04302604,-0.07599542,-0.02121323,-0.01107500
75241,20120508,PXD,-0.01507500,-0.00400000,-0.01107500,-0.03335613,-0.05819170,-0.07461193,-0.00926900
75241,20120509,PXD,-0.01626900,-0.00700000,-0.00926900,-0.00375167,-0.03592811,-0.06889137,0.01696300
75241,20120510,PXD,0.01996300,0.00300000,0.01696300,-0.01157054,-0.03559181,-0.08376661,-0.01887500
75241,20120511,PXD,-0.02187500,-0.00300000,-0.01887500,-0.02255631,-0.04176003,-0.10589522,-0.02029000
75241,20120514,PXD,-0.03129000,-0.01100000,-0.02029000,-0.04036894,-0.03326167,-0.10393025,-0.00220200
75241,20120515,PXD,-0.00820200,-0.00600000,-0.00220200,-0.02121394,-0.02345499,-0.07825592,0.00103900
75241,20120516,PXD,-0.00296100,-0.00400000,0.00103900,0.00416982,-0.03360642,-0.06614338,0.00537500
75241,20120517,PXD,-0.00962500,-0.01500000,0.00537500,-0.00063446,-0.02233543,-0.05538133,-0.00706100
75241,20120518,PXD,-0.01406100,-0.00700000,-0.00706100,0.02856826,0.02709459,-0.01571440,0.03098000
75241,20120521,PXD,0.04698000,0.01600000,0.03098000,0.03205592,0.03809260,0.00299633,0.00841400
75241,20120522,PXD,0.00841400,0.00000000,0.00841400,0.02328565,0.02105177,-0.00323658,-0.01570700
75241,20120523,PXD,-0.01370700,0.00200000,-0.01570700,-0.02113116,0.00162781,-0.03249638,-0.01379000
75241,20120524,PXD,-0.01279000,0.00100000,-0.01379000,-0.01559753,0.02336124,-0.00086423,0.01403700
75241,20120525,PXD,0.01203700,-0.00200000,0.01403700,0.02435301,0.01673906,0.04434203,0.02427900
75241,20120529,PXD,0.03527900,0.01100000,0.02427900,0.00841175,-0.02098243,0.01644302,-0.02845000
75241,20120530,PXD,-0.04245000,-0.01400000,-0.02845000,-0.02015249,-0.02003971,0.00054616,-0.01477700
75241,20120531,PXD,-0.01677700,-0.00200000,-0.01477700,-0.09972613,-0.06729716,-0.06663289,-0.06186700
75241,20120601,PXD,-0.08686700,-0.02500000,-0.06186700,-0.09028489,-0.09486824,-0.07603842,-0.01676100
75241,20120604,PXD,-0.01676100,0.00000000,-0.01676100,-0.05510055,-0.09360449,-0.08013898,0.02509900
75241,20120605,PXD,0.03109900,0.00600000,0.02509900,0.04141686,-0.04024427,-0.06032474,0.03296500
75241,20120606,PXD,0.05596500,0.02300000,0.03296500,0.06818947,-0.01819825,-0.03782979,0.00782800
75241,20120607,PXD,0.00782800,-0.00000000,0.00782800,0.02209929,0.03046505,-0.04237093,-0.01828700
75241,20120608,PXD,-0.01028700,0.00800000,-0.01828700,-0.03974979,0.01608204,-0.08306060,-0.02942200
75241,20120611,PXD,-0.04242200,-0.01300000,-0.02942200,-0.03318125,0.00620032,-0.09100780,0.01535600
75241,20120612,PXD,0.02735600,0.01200000,0.01535600,-0.04848597,-0.05881650,-0.09676768,-0.03407400
75241,20120613,PXD,-0.04107400,-0.00700000,-0.03407400,-0.03945045,-0.08531015,-0.10244304,-0.01976900
75241,20120614,PXD,-0.00876900,0.01100000,-0.01976900,-0.04533380,-0.05987903,-0.03308630,0.00905400
75241,20120615,PXD,0.01905400,0.01000000,0.00905400,-0.04349147,-0.06304076,-0.04904157,-0.03216300
75241,20120618,PXD,-0.03116300,0.00100000,-0.03216300,0.00326498,-0.05143030,-0.04693557,0.02756500
75241,20120619,PXD,0.03756500,0.01000000,0.02756500,-0.05183687,-0.06345218,-0.12030455,-0.04583000
75241,20120620,PXD,-0.04783000,-0.00200000,-0.04583000,-0.05714247,-0.07979273,-0.15887118,-0.03800000
75241,20120621,PXD,-0.06000000,-0.02200000,-0.03800000,-0.06248184,-0.06848841,-0.12476502,0.02132800
75241,20120622,PXD,0.02832800,0.00700000,0.02132800,-0.05304190,-0.07182434,-0.13082652,-0.03632800
75241,20120625,PXD,-0.05232800,-0.01600000,-0.03632800,0.00230238,-0.07860670,-0.12652854,0.01924500
75241,20120626,PXD,0.02424500,0.00500000,0.01924500,-0.00852670,-0.02642013,-0.08789833,0.01020900
75241,20120627,PXD,0.01920900,0.00900000,0.01020900,0.04548532,0.02775913,-0.05456439,0.01501100
75241,20120628,PXD,0.01301100,-0.00200000,0.01501100,0.06103915,0.04038831,-0.03253987,0.03381600
75241,20120629,PXD,0.05881600,0.02500000,0.03381600,0.02947915,0.06139546,-0.01909091,-0.01889100
75241,20120702,PXD,-0.01689100,0.00200000,-0.01889100,0.05969400,0.08796674,-0.00319680,0.04393100
75241,20120703,PXD,0.04993100,0.00600000,0.04393100,-0.00489869,0.04453542,0.01548150,-0.02805900
75241,20120705,PXD,-0.03305900,-0.00500000,-0.02805900,0.00158101,0.01541567,0.04416752,-0.01235400
75241,20120706,PXD,-0.02135400,-0.00900000,-0.01235400,-0.03975684,-0.01723743,0.02177270,-0.00008900
75241,20120709,PXD,-0.00208900,-0.00200000,-0.00008900,-0.04062389,-0.02726017,0.03028622,-0.02898500
75241,20120710,PXD,-0.03698500,-0.00800000,-0.02898500,-0.00255053,-0.04176875,0.03874161,0.02753600
75241,20120711,PXD,0.02753600,-0.00000000,0.02753600,-0.01146373,-0.02345104,0.01837056,-0.00910400
75241,20120712,PXD,-0.01410400,-0.00500000,-0.00910400,0.01625460,-0.01370884,0.00125061,-0.00205100
75241,20120713,PXD,0.01394900,0.01600000,-0.00205100,-0.01136521,-0.01373555,-0.03064000,-0.00011600
75241,20120716,PXD,-0.00211600,-0.00200000,-0.00011600,0.03234503,0.05119069,0.02118148,0.03412200
75241,20120717,PXD,0.04112200,0.00700000,0.03412200,0.04500537,0.03358229,-0.01135208,0.01042900
75241,20120718,PXD,0.01742900,0.00700000,0.01042900,0.08447626,0.08327182,0.05515216,0.03693300
75241,20120719,PXD,0.03993300,0.00300000,0.03693300,0.04976261,0.08562956,0.07075039,0.00208500
75241,20120720,PXD,-0.00791500,-0.01000000,0.00208500,0.00272971,0.04738823,0.03307038,-0.03455800
75241,20120723,PXD,-0.04355800,-0.00900000,-0.03455800,-0.04210684,0.00215295,0.05256695,-0.01072700
75241,20120724,PXD,-0.01972700,-0.00900000,-0.01072700,-0.03555760,0.00135297,0.03417830,0.00954500
75241,20120725,PXD,0.00954500,-0.00000000,0.00954500,0.00128438,-0.03125237,0.04750528,0.00270600
75241,20120726,PXD,0.01970600,0.01700000,0.00270600,0.02577506,-0.02195730,0.06320452,0.01272500
75241,20120727,PXD,0.03172500,0.01900000,0.01272500,-0.00682076,-0.00817012,0.04012774,-0.02143800
75241,20120730,PXD,-0.02143800,-0.00000000,-0.02143800,-0.02486613,-0.01297341,-0.01054563,-0.01536300
75241,20120731,PXD,-0.01936300,-0.00400000,-0.01536300,0.02322797,0.04006041,0.04051250,0.06200900
75241,20120801,PXD,0.05900900,-0.00300000,0.06200900,0.03186251,0.02290641,-0.00946854,-0.01281700
75241,20120802,PXD,-0.01981700,-0.00700000,-0.01281700,0.09045730,0.05009688,0.02782366,0.04002200
75241,20120803,PXD,0.05902200,0.01900000,0.04002200,0.01817799,0.06500122,0.05799921,-0.00774800
75241,20120806,PXD,-0.00574800,0.00200000,-0.00774800,0.04526950,0.09624731,0.08491595,0.01254900
75241,20120807,PXD,0.01754900,0.00500000,0.01254900,0.01251030,0.03936422,0.08294670,0.00772500
75241,20120808,PXD,0.00872500,0.00100000,0.00772500,0.02496415,0.05837385,0.08351972,0.00442500
75241,20120809,PXD,0.00442500,0.00000000,0.00442500,-0.00584295,-0.00120701,0.04932624,-0.01782100
75241,20120810,PXD,-0.01582100,0.00200000,-0.01782100,-0.02282275,-0.00298335,0.06225924,-0.00947900
75241,20120813,PXD,-0.01047900,-0.00100000,-0.00947900,-0.02793366,-0.01610125,0.07853269,-0.00082300
75241,20120814,PXD,-0.00082300,-0.00000000,-0.00082300,0.00468107,-0.00883850,0.03007990,0.01515600
75241,20120815,PXD,0.01615600,0.00100000,0.01515600,0.02088446,-0.00701074,0.05128952,0.00636700
75241,20120816,PXD,0.01336700,0.00700000,0.00636700,0.02341996,0.01275892,0.01165363,0.00159700
75241,20120817,PXD,0.00359700,0.00200000,0.00159700,-0.01346988,0.00077244,-0.00223771,-0.02110900
75241,20120820,PXD,-0.02110900,-0.00000000,-0.02110900,-0.03147126,-0.01069709,-0.02676008,-0.01215600
75241,20120821,PXD,-0.01515600,-0.00300000,-0.01215600,-0.02736888,-0.01986026,-0.02861585,0.00578400
75241,20120822,PXD,0.00578400,0.00000000,0.00578400,-0.01119812,-0.03037404,-0.03738251,-0.00483600
75241,20120823,PXD,-0.01283600,-0.00800000,-0.00483600,0.02094993,-0.01268065,-0.00026215,0.02021500
75241,20120824,PXD,0.02621500,0.00600000,0.02021500,0.00903142,0.00249964,0.00329517,-0.00598100
75241,20120827,PXD,-0.00598100,-0.00000000,-0.00598100,0.01830750,0.01905523,0.00832014,0.00416100
75241,20120828,PXD,0.00316100,-0.00100000,0.00416100,-0.00111489,0.01396101,-0.00605224,0.00072800
75241,20120829,PXD,0.00172800,0.00100000,0.00072800,-0.01157979,0.00215218,-0.02824436,-0.01635600
75241,20120830,PXD,-0.02435600,-0.00800000,-0.01635600,-0.00822476,-0.01003664,-0.02250086,0.00769000
75241,20120831,PXD,0.01269000,0.00500000,0.00769000,-0.00895286,-0.00412103,-0.00162100,-0.00002700
75241,20120904,PXD,-0.00102700,-0.00100000,-0.00002700,-0.00423864,-0.01985146,-0.00119099,-0.01174900
75241,20120905,PXD,-0.01274900,-0.00100000,-0.01174900,0.00206846,-0.00705191,0.00703265,0.01426400
75241,20120906,PXD,0.03426400,0.02000000,0.01426400,0.03770947,0.04598020,0.04819554,0.03486800
75241,20120907,PXD,0.03886800,0.00400000,0.03486800,0.05684088,0.04408366,0.03331091,0.00629100
75241,20120910,PXD,0.00029100,-0.00600000,0.00629100,0.06206483,0.06547320,0.06073570,0.01996500
75241,20120911,PXD,0.02296500,0.00300000,0.01996500,0.03397901,0.08684138,0.06445812,0.00747200
75241,20120912,PXD,0.00947200,0.00200000,0.00747200,0.03782775,0.08137238,0.07482223,0.00942900
75241,20120913,PXD,0.02542900,0.01600000,0.00942900,0.04979058,0.07781033,0.13035478,0.03150500
75241,20120914,PXD,0.03550500,0.00400000,0.03150500,0.03413619,0.06336952,0.11222837,-0.00707400
75241,20120917,PXD,-0.01007400,-0.00300000,-0.00707400,-0.00511123,0.01181881,0.07948157,-0.02845900
75241,20120918,PXD,-0.02945900,-0.00100000,-0.02845900,-0.05019805,-0.01165456,0.07538284,-0.01553300
75241,20120919,PXD,-0.01453300,0.00100000,-0.01553300,-0.04809784,-0.02524249,0.05359462,-0.00478700
75241,20120920,PXD,-0.00578700,-0.00100000,-0.00478700,-0.02290190,-0.05724252,0.01471395,-0.00272200
75241,20120921,PXD,-0.00272200,-0.00000000,-0.00272200,-0.02556243,-0.06788114,-0.01050309,-0.01823900
75241,20120924,PXD,-0.02023900,-0.00200000,-0.01823900,-0.01997351,-0.03954167,-0.02905608,0.00071900
75241,20120925,PXD,-0.01028100,-0.01100000,0.00071900,-0.02449686,-0.03164048,-0.04323256,-0.00749400
75241,20120926,PXD,-0.01349400,-0.00600000,-0.00749400,0.01307133,-0.00798554,-0.03279691,0.02032100
75241,20120927,PXD,0.03032100,0.01000000,0.02032100,0.01396879,-0.00378731,-0.06005072,0.00151600
75241,20120928,PXD,-0.00248400,-0.00400000,0.00151600,0.01386183,0.00677167,-0.06103906,-0.00778900
75241,20121001,PXD,-0.00478900,0.00300000,-0.00778900,0.00010902,0.01258848,-0.02776963,0.00641100
75241,20121002,PXD,0.00741100,0.00100000,0.00641100,-0.02209948,-0.00073650,-0.03278284,-0.02062400
75241,20121003,PXD,-0.01662400,0.00400000,-0.02062400,-0.01107716,-0.01732110,-0.02509885,0.00339500
75241,20121004,PXD,0.01039500,0.00700000,0.00339500,-0.02755638,-0.02905983,-0.03241486,-0.01019200
75241,20121005,PXD,-0.01019200,-0.00000000,-0.01019200,-0.00728218,-0.02161142,-0.01474990,-0.00040000
75241,20121008,PXD,-0.00340000,-0.00300000,-0.00040000,0.02575858,0.00839009,0.02109089,0.03670800
75241,20121009,PXD,0.02670800,-0.01000000,0.03670800,0.01520079,0.00842984,0.00781423,-0.02029800
75241,20121010,PXD,-0.02629800,-0.00600000,-0.02029800,0.03075620,0.01995018,0.00283051,0.01511300
75241,20121011,PXD,0.01511300,0.00000000,0.01511300,-0.02120839,0.01416136,-0.01446197,-0.01582600
75241,20121012,PXD,-0.01882600,-0.00300000,-0.01582600,0.02339753,0.03911618,0.01725023,0.02450100
75241,20121015,PXD,0.03250100,0.00800000,0.02450100,0.02579628,0.01983116,0.02842126,0.01740100
75241,20121016,PXD,0.02740100,0.01000000,0.01740100,0.03687826,0.03571123,0.04417359,-0.00566100
75241,20121017,PXD,-0.00166100,0.00400000,-0.00566100,0.00988956,0.01820301,0.03851255,-0.00169800
75241,20121018,PXD,-0.00369800,-0.00200000,-0.00169800,-0.01319779,0.02806991,0.04205504,-0.00601000
75241,20121019,PXD,-0.02301000,-0.01700000,-0.00601000,-0.01190963,-0.00078216,0.03810896,-0.00436900
75241,20121022,PXD,-0.00436900,0.00000000,-0.00436900,-0.01776366,-0.02478746,-0.00624111,-0.00784300
75241,20121023,PXD,-0.02184300,-0.01400000,-0.00784300,-0.01770539,-0.02476110,0.00832189,-0.00577600
75241,20121024,PXD,-0.00877600,-0.00300000,-0.00577600,0.00857223,-0.00179610,0.01578347,0.02277500
75241,20121025,PXD,0.02577500,0.00300000,0.02277500,0.01154075,-0.00086504,0.02675729,-0.00513800
75241,20121026,PXD,-0.00613800,-0.00100000,-0.00513800,0.03735340,0.02272062,0.02181445,0.01949200
75241,20121031,PXD,0.01949200,0.00000000,0.01949200,0.03863456,0.05623194,0.02818202,0.02392700
75241,20121101,PXD,0.03492700,0.01100000,0.02392700,0.02058251,0.03849835,0.01131674,-0.02191300
75241,20121102,PXD,-0.03091300,-0.00900000,-0.02191300,0.01616161,0.03066543,0.02786544,0.01508200
75241,20121105,PXD,0.01708200,0.00200000,0.01508200,-0.00312110,0.04084756,0.03932436,0.00434100
75241,20121106,PXD,0.01234100,0.00800000,0.00434100,0.01044968,0.01149893,0.03402778,-0.00844700
75241,20121107,PXD,-0.03244700,-0.02400000,-0.00844700,-0.02229409,-0.02910948,0.02323711,-0.01840900
75241,20121108,PXD,-0.03040900,-0.01200000,-0.01840900,-0.01387877,0.00466500,0.04243312,0.01314400
75241,20121109,PXD,0.01514400,0.00200000,0.01314400,-0.01669090,-0.02061979,0.00855455,-0.01116500
75241,20121112,PXD,-0.01116500,0.00000000,-0.01116500,0.01451398,-0.01248873,0.02616179,0.01266300
75241,20121113,PXD,0.00866300,-0.00400000,0.01266300,-0.00236351,-0.00792549,0.00326065,-0.00375500
75241,20121114,PXD,-0.01775500,-0.01400000,-0.00375500,0.02068777,0.02254047,-0.00748754,0.01211900
75241,20121115,PXD,0.01011900,-0.00200000,0.01211900,0.00285023,0.00422865,0.00874144,-0.00538900
75241,20121116,PXD,-0.00038900,0.00500000,-0.00538900,0.00995953,0.01876622,-0.00282621,0.00305900
75241,20121119,PXD,0.02305900,0.02000000,0.00305900,0.00013474,0.00850307,-0.00453356,0.00251900
75241,20121120,PXD,0.00351900,0.00100000,0.00251900,0.01040803,0.01740063,0.00864667,0.00463400
75241,20121121,PXD,0.00663400,0.00200000,0.00463400,0.01096787,0.00873837,0.03225538,0.00366300
75241,20121123,PXD,0.01666300,0.01300000,0.00366300,-0.00513098,0.00044470,0.00481356,-0.01318700
75241,20121126,PXD,-0.01518700,-0.00200000,-0.01318700,-0.01900578,-0.01198235,0.00667054,-0.00929200
75241,20121127,PXD,-0.01429200,-0.00500000,-0.00929200,-0.03104999,-0.02338728,-0.01517477,-0.00885900
75241,20121128,PXD,-0.00085900,0.00800000,-0.00885900,-0.00424521,-0.01406956,0.00303234,0.01414000
75241,20121129,PXD,0.01814000,0.00400000,0.01414000,0.00866768,-0.01412593,-0.00605451,0.00337600
75241,20121130,PXD,0.00337600,0.00000000,0.00337600,0.00187966,-0.01622910,-0.01634723,-0.01528000
75241,20121203,PXD,-0.02028000,-0.00500000,-0.01528000,-0.03286341,-0.02823400,-0.04018983,-0.02127600
75241,20121204,PXD,-0.02327600,-0.00200000,-0.02127600,-0.01508906,0.00207466,-0.02130401,0.02202600
75241,20121205,PXD,0.02402600,0.00200000,0.02202600,-0.01806807,-0.02976974,-0.04392857,-0.01826000
75241,20121206,PXD,-0.01526000,0.00300000,-0.01826000,-0.00255205,-0.03882558,-0.05260932,-0.00590600
75241,20121207,PXD,-0.00290600,0.00300000,-0.00590600,-0.03605267,-0.03586355,-0.05167753,-0.01214200
75241,20121210,PXD,-0.01214200,0.00000000,-0.01214200,-0.00053025,0.00289272,-0.02583430,0.01787700
75241,20121211,PXD,0.02487700,0.00700000,0.01787700,0.01874036,-0.00589886,-0.00380333,0.01314400
75241,20121212,PXD,0.01314400,0.00000000,0.01314400,0.01359417,-0.00463993,-0.03438009,-0.01691700
75241,20121213,PXD,-0.02291700,-0.00600000,-0.01691700,-0.00230471,0.00304536,-0.03577722,0.00177100
75241,20121214,PXD,-0.00222900,-0.00400000,0.00177100,-0.01213186,0.01881059,-0.01793443,0.00325000
75241,20121217,PXD,0.01525000,0.01200000,0.00325000,0.02525185,0.02084570,0.02415040,0.01990300
75241,20121218,PXD,0.03090300,0.01100000,0.01990300,0.02652895,0.01051836,0.00466628,0.00308100
75241,20121219,PXD,-0.00491900,-0.00800000,0.00308100,0.03292661,0.03842918,0.03368919,0.00964300
75241,20121220,PXD,0.01464300,0.00500000,0.00964300,0.01915864,0.04326191,0.04634027,0.00651800
75241,20121221,PXD,-0.00248200,-0.00900000,0.00651800,0.00986107,0.03289739,0.05256105,-0.00620100
75241,20121224,PXD,-0.00820100,-0.00200000,-0.00620100,-0.00696082,0.00546180,0.02609758,-0.00735700
75241,20121226,PXD,-0.01235700,-0.00500000,-0.00735700,-0.02491391,-0.00917545,0.00107598,-0.01170000
75241,20121227,PXD,-0.01270000,-0.00100000,-0.01170000,-0.03157043,-0.03091988,0.00476272,-0.01320200
75241,20121228,PXD,-0.02420200,-0.01100000,-0.01320200,-0.00207952,-0.01556841,0.02675531,0.02381600
75241,20121231,PXD,0.04081600,0.01700000,0.02381600,0.01477714,-0.00508118,0.02848014,0.00464600
75241,20130102,PXD,0.02964600,0.02500000,0.00464600,0.04663113,0.01932640,0.02468034,0.01627600
75241,20130103,PXD,0.01427600,-0.00200000,0.01627600,0.03366686,0.04428150,0.03385622,0.01164800
75241,20130104,PXD,0.01664800,0.00500000,0.01164800,0.02170432,0.05250644,0.01719617,-0.00619000
75241,20130107,PXD,-0.00919000,-0.00300000,-0.00619000,0.01084124,0.03269544,0.01620451,0.00549700
75241,20130108,PXD,0.00249700,-0.00300000,0.00549700,-0.01439873,0.01323954,0.00841927,-0.01376400
75241,20130109,PXD,-0.01076400,0.00300000,-0.01376400,-0.00415626,0.00117595,0.02075095,0.00423000
75241,20130110,PXD,0.01223000,0.00800000,0.00423000,-0.01600608,-0.01663155,0.02656727,-0.00630800
75241,20130111,PXD,-0.00630800,-0.00000000,-0.00630800,-0.00213590,-0.01046104,0.04141918,0.00001700
75241,20130114,PXD,-0.00098300,-0.00100000,0.00001700,-0.01510153,-0.02481132,0.00688980,-0.00887500
75241,20130115,PXD,-0.00787500,0.00100000,-0.00887500,0.01028385,0.00818881,0.02164245,0.01930400
75241,20130116,PXD,0.01930400,0.00000000,0.01930400,0.01447263,0.00803834,0.00931111,0.00408800
75241,20130117,PXD,0.01008800,0.00600000,0.00408800,0.01687039,0.00779193,-0.00908047,-0.00659200
75241,20130118,PXD,-0.00359200,0.00300000,-0.00659200,-0.00057680,0.00982779,-0.00081458,0.00197900
75241,20130122,PXD,0.00597900,0.00400000,0.00197900,-0.02777534,-0.00479753,-0.02991686,-0.02306500
75241,20130123,PXD,-0.02106500,0.00200000,-0.02306500,-0.00477793,-0.00738251,0.00081029,0.01669600
75241,20130124,PXD,0.01669600,0.00000000,0.01669600,0.00347813,-0.00119273,0.00694198,0.01028100
75241,20130125,PXD,0.01528100,0.00500000,0.01028100,0.02370620,0.00206221,0.00995906,-0.00336300
75241,20130128,PXD,-0.00536300,-0.00200000,-0.00336300,0.02273163,0.01584983,0.02615484,0.01569700
75241,20130129,PXD,0.02069700,0.00500000,0.01569700,0.00621152,0.03361598,0.02914505,-0.00588300
75241,20130130,PXD,-0.00988300,-0.00400000,-0.00588300,0.02419891,0.03126908,0.02412018,0.01444500
75241,20130131,PXD,0.01144500,-0.00300000,0.01444500,0.01878426,0.03133920,0.03054298,0.01024800
75241,20130201,PXD,0.02024800,0.01000000,0.01024800,0.03488700,0.04483737,0.04738776,0.00991500
75241,20130204,PXD,-0.00208500,-0.01200000,0.00991500,0.02685235,0.03539454,0.05217298,0.00629500
75241,20130205,PXD,0.01629500,0.01000000,0.00629500,0.04440097,0.07074534,0.10721688,0.02769600
75241,20130206,PXD,0.02869600,0.00100000,0.02769600,0.03170746,0.05270486,0.08588678,-0.00255600
75241,20130207,PXD,-0.00455600,-0.00200000,-0.00255600,0.05544223,0.07260558,0.10674119,0.02957100
75241,20130208,PXD,0.03557100,0.00600000,0.02957100,0.02451136,0.06017699,0.10809242,-0.00225700
75241,20130211,PXD,-0.00325700,-0.00100000,-0.00225700,0.02479263,0.05057431,0.08801235,-0.00238900
75241,20130212,PXD,-0.00038900,0.00200000,-0.00238900,-0.01913535,0.00719282,0.07891315,-0.01454100
75241,20130213,PXD,-0.01354100,0.00100000,-0.01454100,0.00766378,0.03522359,0.09050150,0.02495500
75241,20130214,PXD,0.02595500,0.00100000,0.02495500,0.01503271,0.01033061,0.08386088,0.00492200
75241,20130215,PXD,0.00392200,-0.00100000,0.00492200,0.03788963,0.02031684,0.08260452,0.00747600
75241,20130219,PXD,0.01447600,0.00700000,0.00747600,-0.01091469,-0.00104608,0.04926220,-0.02280600
75241,20130220,PXD,-0.03480600,-0.01200000,-0.02280600,-0.02755030,0.00127208,0.00840216,-0.01214800
75241,20130221,PXD,-0.01814800,-0.00600000,-0.01214800,-0.03205889,-0.02030207,0.01391231,0.00279100
75241,20130222,PXD,0.01179100,0.00900000,0.00279100,-0.03769316,-0.05241979,-0.04294325,-0.02853500
75241,20130225,PXD,-0.04653500,-0.01800000,-0.02853500,-0.00666153,-0.04059669,-0.02193993,0.02034400
75241,20130226,PXD,0.02634400,0.00600000,0.02034400,-0.00782124,-0.01729379,-0.01825490,0.00164400
75241,20130227,PXD,0.01464400,0.01300000,0.00164400,0.02091958,-0.00642128,-0.00507528,-0.00130000
75241,20130228,PXD,-0.00230000,-0.00100000,-0.00130000,-0.01875910,-0.02779679,-0.04748214,-0.01885100
75241,20130301,PXD,-0.01685100,0.00200000,-0.01885100,-0.03058662,-0.00942257,-0.06247965,-0.01057800
75241,20130304,PXD,-0.00557800,0.00500000,-0.01057800,-0.02169004,-0.02162823,-0.06207915,0.00813000
75241,20130305,PXD,0.01813000,0.01000000,0.00813000,-0.00458420,-0.02492992,-0.04217976,-0.00195800
75241,20130306,PXD,-0.00095800,0.00100000,-0.00195800,0.02477285,-0.00550784,-0.01207113,0.01830200
75241,20130307,PXD,0.02030200,0.00200000,0.01830200,0.01223107,0.00976598,-0.01890159,-0.00407800
75241,20130308,PXD,-0.00007800,0.00400000,-0.00407800,0.01143620,0.01783235,0.00850133,-0.00276500
75241,20130311,PXD,0.00023500,0.00300000,-0.00276500,-0.00922775,0.00699807,-0.01475002,-0.00238600
75241,20130312,PXD,-0.00438600,-0.00200000,-0.00238600,-0.01257139,0.00141727,-0.02372359,-0.00745100
75241,20130313,PXD,-0.00645100,0.00100000,-0.00745100,-0.00538370,-0.01227382,-0.01802748,0.00453100
75241,20130314,PXD,0.01053100,0.00600000,0.00453100,0.01231503,0.00709209,0.01714307,0.01524200
75241,20130315,PXD,0.01324200,-0.00200000,0.01524200,0.00757824,-0.00229050,0.01540075,-0.01194100
75241,20130318,PXD,-0.01794100,-0.00600000,-0.01194100,-0.01823718,-0.02127458,-0.01461715,-0.02138800
75241,20130319,PXD,-0.02338800,-0.00200000,-0.02138800,-0.03646264,-0.01743101,-0.01617399,-0.00345200
75241,20130320,PXD,0.00354800,0.00700000,-0.00345200,-0.03757906,-0.03435148,-0.04648201,-0.01313100
75241,20130321,PXD,-0.02113100,-0.00800000,-0.01313100,-0.01633785,-0.04878639,-0.04234747,0.00038700
75241,20130322,PXD,0.00738700,0.00700000,0.00038700,-0.01474806,-0.03926226,-0.04134574,-0.00197000
75241,20130325,PXD,-0.00497000,-0.00300000,-0.00197000,0.02312029,0.00591075,-0.01574031,0.02467300
75241,20130326,PXD,0.03267300,0.00800000,0.02467300,0.02503691,0.01179390,-0.00585875,0.00242800
75241,20130327,PXD,0.00142800,-0.00100000,0.00242800,0.00674473,0.00514454,-0.02995708,-0.01984200
75241,20130328,PXD,-0.01584200,0.00400000,-0.01984200,-0.02404989,-0.00217056,-0.05103944,-0.00678500
75241,20130401,PXD,-0.01078500,-0.00400000,-0.00678500,-0.02692475,-0.00055319,-0.04026581,-0.00036200
75241,20130402,PXD,0.00463800,0.00500000,-0.00036200,-0.01668928,-0.03370608,-0.02840513,-0.00965100
75241,20130403,PXD,-0.02065100,-0.01100000,-0.00965100,-0.03933230,-0.06467683,-0.05385869,-0.02971700
75241,20130404,PXD,-0.02571700,0.00400000,-0.02971700,-0.02858555,-0.03550638,-0.03113031,0.01053500
75241,20130405,PXD,0.00653500,-0.00400000,0.01053500,-0.00226319,-0.01234072,-0.01453306,0.01752600
75241,20130408,PXD,0.02352600,0.00600000,0.01752600,0.03967793,-0.00116581,-0.00173175,0.01099400
75241,20130409,PXD,0.01499400,0.00400000,0.01099400,0.01419880,-0.00583805,-0.04005195,-0.01443500
75241,20130410,PXD,-0.00243500,0.01200000,-0.01443500,-0.00248133,0.02625035,-0.04161043,0.00104500
75241,20130411,PXD,0.00504500,0.00400000,0.00104500,-0.05025626,-0.02298610,-0.05826751,-0.03675100
75241,20130412,PXD,-0.03975100,-0.00300000,-0.03675100,-0.08154580,-0.08601470,-0.09720646,-0.04815800
75241,20130415,PXD,-0.07115800,-0.02300000,-0.04815800,-0.06793708,-0.08139837,-0.08238371,0.01722400
75241,20130416,PXD,0.03122400,0.01400000,0.01722400,-0.03599486,-0.06980037,-0.07664570,-0.00378000
75241,20130417,PXD,-0.01778000,-0.01400000,-0.00378000,0.02698225,-0.05749233,-0.03488802,0.01381100
75241,20130418,PXD,0.00681100,-0.00700000,0.01381100,-0.01449115,-0.04631717,-0.06882145,-0.02466500
75241,20130419,PXD,-0.01566500,0.00900000,-0.02466500,0.00309101,0.01630653,-0.07179471,0.01417000
75241,20130422,PXD,0.01917000,0.00500000,0.01417000,-0.01145721,-0.00128090,-0.08280567,-0.00050700
75241,20130423,PXD,0.00949300,0.01000000,-0.00050700,0.03133687,0.01999448,-0.05283364,0.01705000
75241,20130424,PXD,0.01705000,0.00000000,0.01705000,0.02836940,0.01746793,-0.04323005,0.01129600
75241,20130425,PXD,0.01529600,0.00400000,0.01129600,0.03615171,0.05101702,0.00045953,0.00736200
75241,20130426,PXD,0.00536200,-0.00200000,0.00736200,0.03670858,0.05454421,0.07241969,0.01746700
75241,20130429,PXD,0.02446700,0.00700000,0.01746700,0.03334834,0.06324272,0.06204237,0.00808200
75241,20130430,PXD,0.01008200,0.00200000,0.00808200,0.00726383,0.02616128,0.04716249,-0.01767100
75241,20130501,PXD,-0.02667100,-0.00900000,-0.01767100,0.04187935,0.06815621,0.08886307,0.05269600
75241,20130502,PXD,0.06169600,0.00900000,0.05269600,0.04970547,0.07749822,0.13481390,0.01536400
75241,20130503,PXD,0.02636400,0.01100000,0.01536400,0.10032840,0.08857937,0.15046288,0.02808300
75241,20130506,PXD,0.03008300,0.00200000,0.02808300,0.07280064,0.10929652,0.18179498,0.02682600
75241,20130507,PXD,0.03182600,0.00500000,0.02682600,0.05398821,0.12918593,0.15979591,-0.00196800
75241,20130508,PXD,0.00203200,0.00400000,-0.00196800,0.02070162,0.06632496,0.14069185,-0.00396700
75241,20130509,PXD,-0.00796700,-0.00400000,-0.00396700,-0.00877391,0.04675344,0.12966563,-0.00283200
75241,20130510,PXD,0.00116800,0.00400000,-0.00283200,-0.00251949,0.02229743,0.11398314,0.00430200
75241,20130513,PXD,0.00430200,0.00000000,0.00430200,0.00771574,0.00165141,0.11269089,0.00619200
75241,20130514,PXD,0.01619200,0.01000000,0.00619200,-0.00265391,-0.00953029,0.12006774,-0.01300300
75241,20130515,PXD,-0.00800300,0.00500000,-0.01300300,-0.00373089,-0.00226149,0.06480213,0.00319900
75241,20130516,PXD,-0.00180100,-0.00500000,0.00319900,0.00645946,0.01726131,0.06595058,0.01648300
75241,20130517,PXD,0.02648300,0.01000000,0.01648300,0.00556262,-0.00141074,0.02126740,-0.01376300
75241,20130520,PXD,-0.01476300,-0.00100000,-0.01376300,-0.00819322,-0.01798510,-0.01659747,-0.01041900
75241,20130521,PXD,-0.00841900,0.00200000,-0.01041900,0.01600869,0.03594942,0.02663693,0.04081300
75241,20130522,PXD,0.03281300,-0.00800000,0.04081300,0.03661211,0.03934494,0.03754607,0.00641400
75241,20130523,PXD,0.00341400,-0.00300000,0.00641400,0.02801149,0.00359776,0.02080389,-0.01858100
75241,20130524,PXD,-0.01958100,-0.00100000,-0.01858100,0.00993465,0.04036765,0.03967486,0.02261200
75241,20130528,PXD,0.02861200,0.00600000,0.02261200,0.00641527,0.05386688,0.03573829,0.00293800
75241,20130529,PXD,-0.00406200,-0.00700000,0.00293800,0.02020560,0.00760461,0.04377356,-0.00524400
75241,20130530,PXD,-0.00124400,0.00400000,-0.00524400,-0.02818080,-0.02500188,0.01288644,-0.02607800
75241,20130531,PXD,-0.04007800,-0.01400000,-0.02607800,-0.02229259,0.00253364,0.00609416,0.00950300
75241,20130603,PXD,0.01550300,0.00600000,0.00950300,-0.01690633,-0.01905768,0.01993072,0.00010600
75241,20130604,PXD,-0.00589400,-0.00600000,0.00010600,0.00913115,-0.02202366,0.02965293,-0.00028600
75241,20130605,PXD,-0.01428600,-0.01400000,-0.00028600,0.02052410,0.00310130,0.01057366,0.02113000
75241,20130606,PXD,0.02913000,0.00800000,0.02113000,0.02383395,0.03367945,0.00725947,0.00298400
75241,20130607,PXD,0.01598400,0.01300000,0.00298400,0.03367888,0.03281848,0.03526806,0.00880200
75241,20130610,PXD,0.00880200,-0.00000000,0.00880200,0.00494665,0.02561680,0.00569702,-0.00669400
75241,20130611,PXD,-0.01669400,-0.01000000,-0.00669400,0.00814814,0.03255656,0.00897434,0.00625300
75241,20130612,PXD,-0.00174700,-0.00800000,0.00625300,0.01273756,0.02494383,0.02765237,0.01348500
75241,20130613,PXD,0.02848500,0.01500000,0.01348500,0.02354361,0.02531709,0.05971183,0.00375400
75241,20130614,PXD,-0.00224600,-0.00600000,0.00375400,0.04908740,0.04768341,0.08206259,0.03087600
75241,20130617,PXD,0.03887600,0.00800000,0.03087600,0.04243110,0.06356927,0.09104065,0.00729700
75241,20130618,PXD,0.01529700,0.00800000,0.00729700,0.04208457,0.06048294,0.09552881,0.00371900
75241,20130619,PXD,-0.01028100,-0.01400000,0.00371900,-0.00862799,0.02457651,0.04964842,-0.01923100
75241,20130620,PXD,-0.04423100,-0.02500000,-0.01923100,-0.02915461,0.00656815,0.03147796,-0.01448400
75241,20130621,PXD,-0.01148400,0.00300000,-0.01448400,-0.01728055,-0.00676469,0.03871079,0.01635700
75241,20130624,PXD,0.00435700,-0.01200000,0.01635700,0.01187548,-0.00417198,0.05659738,0.01007200
75241,20130625,PXD,0.01907200,0.00900000,0.01007200,0.01084285,-0.02311518,0.03479148,-0.01567500
75241,20130626,PXD,-0.00567500,0.01000000,-0.01567500,-0.01508328,-0.01306925,0.01195772,-0.00912600
75241,20130627,PXD,-0.00312600,0.00600000,-0.00912600,-0.03402177,-0.00788215,-0.00114782,-0.00936000
75241,20130628,PXD,-0.01336000,-0.00400000,-0.00936000,0.00361363,-0.00218000,-0.00902066,0.02249600
75241,20130701,PXD,0.02749600,0.00500000,0.02249600,0.02176489,-0.00326910,-0.00736763,0.00886700
75241,20130702,PXD,0.00786700,-0.00100000,0.00886700,0.02263524,0.00375062,-0.01967035,-0.00867200
75241,20130703,PXD,-0.00767200,0.00100000,-0.00867200,0.01568496,0.02881742,0.01568730,0.01554600
75241,20130705,PXD,0.02554600,0.01000000,0.01554600,-0.01139610,0.02029010,0.01226898,-0.01778300
75241,20130708,PXD,-0.01278300,0.00500000,-0.01778300,0.00970971,0.00984958,0.00785796,0.01219000
75241,20130709,PXD,0.01919000,0.00700000,0.01219000,-0.01511594,-0.00863499,-0.01209012,-0.00918600
75241,20130710,PXD,-0.00918600,0.00000000,-0.00918600,-0.00217380,-0.00486956,-0.00103445,-0.00499200
75241,20130711,PXD,0.00900800,0.01400000,-0.00499200,-0.01743277,-0.02351359,0.00521168,-0.00313000
75241,20130712,PXD,-0.00013000,0.00300000,-0.00313000,-0.01523150,-0.01250245,0.00779339,-0.00699600
75241,20130715,PXD,-0.00599600,0.00100000,-0.00699600,-0.00559047,-0.01984962,-0.01049754,0.00452500
75241,20130716,PXD,0.00052500,-0.00400000,0.00452500,-0.00011665,-0.00828278,-0.01718527,0.00237400
75241,20130717,PXD,0.00537400,0.00300000,0.00237400,0.02040927,0.01011564,0.00552673,0.01338200
75241,20130718,PXD,0.01838200,0.00500000,0.01338200,0.02437454,0.02174616,-0.00180651,0.00830500
75241,20130719,PXD,0.01030500,0.00200000,0.00830500,0.00694626,0.01396341,0.00153800,-0.01454400
75241,20130722,PXD,-0.01254400,0.00200000,-0.01454400,-0.00922863,0.00642251,-0.01366379,-0.00287600
75241,20130723,PXD,-0.00487600,-0.00200000,-0.00287600,-0.02665983,-0.00565076,-0.01400763,-0.00954000
75241,20130724,PXD,-0.01354000,-0.00400000,-0.00954000,-0.00404819,-0.01039156,-0.00045426,0.00850300
75241,20130725,PXD,0.01150300,0.00300000,0.00850300,-0.00205114,-0.01937014,0.00181889,-0.00087100
75241,20130726,PXD,0.00012900,0.00100000,-0.00087100,0.01236564,-0.00021916,0.01365559,0.00471100
75241,20130729,PXD,0.00071100,-0.00400000,0.00471100,-0.00623645,-0.00740004,-0.00112503,-0.01007200
75241,20130730,PXD,-0.01007200,0.00000000,-0.01007200,0.00387043,0.01151532,0.00583385,0.00932600
75241,20130731,PXD,0.00932600,-0.00000000,0.00932600,0.11134580,0.11533331,0.10375303,0.11229101
75241,20130801,PXD,0.12529100,0.01300000,0.11229101,0.16680417,0.15979267,0.13711220,0.03854000
75241,20130802,PXD,0.04054000,0.00200000,0.03854000,0.14959748,0.14862011,0.14747287,-0.00523600
75241,20130805,PXD,-0.00623600,-0.00100000,-0.00523600,0.01947837,0.14429376,0.13518824,-0.01293600
75241,20130806,PXD,-0.01893600,-0.00600000,-0.01293600,-0.01960610,0.13121787,0.14428736,-0.00166000
75241,20130807,PXD,-0.00566000,-0.00400000,-0.00166000,-0.01469668,0.01765720,0.13462335,-0.00012900
75241,20130808,PXD,0.00387100,0.00400000,-0.00012900,-0.00192746,-0.01986658,0.13477887,-0.00014000
75241,20130809,PXD,-0.00414000,-0.00400000,-0.00014000,-0.00740974,-0.02172634,0.12172826,-0.00714300
75241,20130812,PXD,-0.00814300,-0.00100000,-0.00714300,-0.01097523,-0.01274662,0.12931435,-0.00374600
75241,20130813,PXD,-0.00074600,0.00300000,-0.00374600,-0.02921574,-0.02947562,0.09736225,-0.01855500
75241,20130814,PXD,-0.02355500,-0.00500000,-0.01855500,-0.01294691,-0.01992568,-0.00288930,0.00923400
75241,20130815,PXD,-0.00476600,-0.01400000,0.00923400,0.00021437,-0.01042954,-0.02957864,0.00974000
75241,20130816,PXD,0.00674000,-0.00300000,0.00974000,0.00167528,-0.02012488,-0.04065361,-0.01707800
75241,20130819,PXD,-0.02307800,-0.00600000,-0.01707800,-0.00390851,-0.01303041,-0.02528048,0.00369400
75241,20130820,PXD,0.00769400,0.00400000,0.00369400,-0.01259987,0.00612412,-0.02281857,0.00087000
75241,20130821,PXD,-0.00513000,-0.00600000,0.00087000,0.01696575,0.00912207,-0.01113447,0.01234500
75241,20130822,PXD,0.02134500,0.00900000,0.01234500,0.02024266,0.00629592,-0.00437600,0.00691900
75241,20130823,PXD,0.01091900,0.00400000,0.00691900,0.02807072,0.03273103,0.01099519,0.00841400
75241,20130826,PXD,0.00441400,-0.00400000,0.00841400,0.02047751,0.03375612,0.01965159,0.00524600
75241,20130827,PXD,-0.01075400,-0.01600000,0.00524600,0.04353559,0.06408078,0.06898035,0.03013900
75241,20130828,PXD,0.03313900,0.00300000,0.03013900,0.01581506,0.03128500,0.04052600,-0.01891500
75241,20130829,PXD,-0.01691500,0.00200000,-0.01891500,0.02062770,0.03407141,0.04063622,0.00984800
75241,20130830,PXD,0.00684800,-0.00300000,0.00984800,0.01415120,0.04964438,0.08401444,0.02360500
75241,20130903,PXD,0.02760500,0.00400000,0.02360500,0.03830611,0.04965941,0.08491462,0.00423600
75241,20130904,PXD,0.01223600,0.00800000,0.00423600,0.02713479,0.01756194,0.08346523,-0.00100000
75241,20130905,PXD,0.00000000,0.00100000,-0.00100000,-0.00311268,0.03073679,0.06295552,-0.00626400
75241,20130906,PXD,-0.00626400,0.00000000,-0.00626400,-0.00985671,0.01820402,0.05335786,-0.00253600
75241,20130909,PXD,0.00746400,0.01000000,-0.00253600,-0.02262034,-0.01961409,0.03055687,-0.01369600
75241,20130910,PXD,-0.00669600,0.00700000,-0.01369600,0.01028820,0.00281358,0.05370210,0.02667000
75241,20130911,PXD,0.02967000,0.00300000,0.02667000,0.01825438,0.00936692,0.02750562,0.00541500
75241,20130912,PXD,0.00241500,-0.00300000,0.00541500,0.01822575,0.00183806,0.03326792,-0.01359900
75241,20130913,PXD,-0.01059900,0.00300000,-0.01359900,-0.01328816,-0.00076003,0.01770512,-0.00508000
75241,20130916,PXD,0.00092000,0.00600000,-0.00508000,-0.02488383,0.00690148,-0.01292280,-0.00616200
75241,20130917,PXD,-0.00216200,0.00400000,-0.00616200,-0.00731920,-0.01564139,-0.01314022,0.00408900
75241,20130918,PXD,0.01608900,0.01200000,0.00408900,-0.00963702,-0.02851261,-0.01968227,-0.00738300
75241,20130919,PXD,-0.00938300,-0.00200000,-0.00738300,-0.01298144,-0.02426594,-0.02293670,-0.00952200
75241,20130920,PXD,-0.01652200,-0.00700000,-0.00952200,-0.01148942,-0.01377469,-0.01474707,0.00532800
75241,20130923,PXD,0.00032800,-0.00500000,0.00532800,0.00814759,0.00483106,0.01179369,0.01257300
75241,20130924,PXD,0.00957300,-0.00300000,0.01257300,0.02951095,0.01217081,-0.00308108,0.01156100
75241,20130925,PXD,0.00856100,-0.00300000,0.01156100,0.03293140,0.02817623,-0.00006127,0.00849700
75241,20130926,PXD,0.01149700,0.00300000,0.00849700,0.02714639,0.04523262,0.02074551,0.00692200
75241,20130927,PXD,0.00292200,-0.00400000,0.00692200,0.02156608,0.04599633,0.03185312,0.00610600
75241,20130930,PXD,0.00010600,-0.00600000,0.00610600,0.03515390,0.05598649,0.06079240,0.02197900
75241,20131001,PXD,0.02997900,0.00800000,0.02197900,0.03448827,0.05046608,0.06224866,0.00619400
75241,20131002,PXD,0.00519400,-0.00100000,0.00619400,0.04566245,0.05877814,0.08739363,0.01698100
75241,20131003,PXD,0.00798100,-0.00900000,0.01698100,0.03849313,0.06770130,0.11513596,0.01492600
75241,20131004,PXD,0.02192600,0.00700000,0.01492600,0.01385913,0.04237241,0.08957883,-0.01747100
75241,20131007,PXD,-0.02647100,-0.00900000,-0.01747100,-0.01123628,0.01149677,0.06676572,-0.00825300
75241,20131008,PXD,-0.02025300,-0.01200000,-0.00825300,-0.03640645,-0.00599671,0.04306015,-0.01162200
75241,20131009,PXD,-0.01062200,0.00100000,-0.01162200,-0.02763130,-0.03058493,0.02727235,-0.00779000
75241,20131010,PXD,0.01421000,0.02200000,-0.00779000,-0.01379929,-0.03919544,0.02641450,0.00588300
75241,20131011,PXD,0.01188300,0.00600000,0.00588300,-0.00593025,-0.02602988,0.01623170,-0.00394900
75241,20131014,PXD,0.00005100,0.00400000,-0.00394900,0.03342211,0.01389415,0.02551815,0.03115300
75241,20131015,PXD,0.02415300,-0.00700000,0.03115300,0.07553204,0.07562507,0.06727995,0.04678500
75241,20131016,PXD,0.06078500,0.01400000,0.04678500,0.09255760,0.09559955,0.06218112,0.01150300
75241,20131017,PXD,0.01850300,0.00700000,0.01150300,0.09808137,0.12845800,0.08422638,0.03549700
75241,20131018,PXD,0.04249700,0.00700000,0.03549700,0.02512770,0.10792000,0.08078618,-0.02129400
75241,20131021,PXD,-0.02129400,0.00000000,-0.02129400,-0.04673399,0.00959627,0.02435184,-0.05891600
75241,20131022,PXD,-0.05291600,0.00600000,-0.05891600,-0.08956797,-0.04731837,0.02400221,-0.01173800
75241,20131023,PXD,-0.01673800,-0.00500000,-0.01173800,-0.05066640,-0.03834386,0.05371707,0.02070500
75241,20131024,PXD,0.02370500,0.00300000,0.02070500,0.00886217,-0.07102508,0.04755040,0.00024100
75241,20131025,PXD,0.00424100,0.00400000,0.00024100,0.00100450,-0.06936214,0.03058331,-0.01950400
75241,20131028,PXD,-0.01850400,0.00100000,-0.01950400,0.00702402,0.01575010,0.02612590,0.02687100
75241,20131029,PXD,0.03287100,0.00600000,0.02687100,-0.01084350,0.00992840,-0.03813624,-0.01732400
75241,20131030,PXD,-0.02232400,-0.00500000,-0.01732400,-0.00706851,-0.02625395,-0.06395491,-0.01572200
75241,20131031,PXD,-0.01972200,-0.00400000,-0.01572200,-0.03321237,-0.02695724,-0.09635102,-0.00051000
75241,20131101,PXD,0.00249000,0.00300000,-0.00051000,0.01860550,0.02765759,-0.04364856,0.03555400
75241,20131104,PXD,0.03955400,0.00400000,0.03555400,0.02325732,-0.01046626,0.00494570,-0.01129200
75241,20131105,PXD,-0.01429200,-0.00300000,-0.01129200,-0.03782363,-0.05352027,-0.04456530,-0.06014200
75241,20131106,PXD,-0.05614200,0.00400000,-0.06014200,-0.11566352,-0.08582976,-0.10986431,-0.04940200
75241,20131107,PXD,-0.06240200,-0.01300000,-0.04940200,-0.10142480,-0.08013008,-0.10513391,0.00671400
75241,20131108,PXD,0.01971400,0.01300000,0.00671400,-0.05205161,-0.11910537,-0.09516291,-0.00863800
75241,20131111,PXD,-0.00763800,0.00100000,-0.00863800,-0.03030202,-0.13407489,-0.14249373,-0.02788600
75241,20131112,PXD,-0.02988600,-0.00200000,-0.02788600,0.02256348,-0.02248248,-0.07525385,0.06143900
75241,20131113,PXD,0.06943900,0.00800000,0.06143900,0.02603950,0.02423942,-0.06595566,-0.00540900
75241,20131114,PXD,-0.00040900,0.00500000,-0.00540900,0.04747747,0.00879263,-0.07328753,-0.00814600
75241,20131115,PXD,-0.00414600,0.00400000,-0.00814600,-0.05307998,-0.02341859,-0.14108718,-0.03974200
75241,20131118,PXD,-0.04374200,-0.00400000,-0.03974200,-0.05920369,-0.00744002,-0.14201292,-0.01219000
75241,20131119,PXD,-0.01419000,-0.00200000,-0.01219000,-0.04873093,-0.06194698,-0.08343587,0.00252800
75241,20131120,PXD,-0.00147200,-0.00400000,0.00252800,0.00169611,-0.04616885,-0.02416400,0.01160400
75241,20131121,PXD,0.01960400,0.00800000,0.01160400,0.00889742,-0.04339309,-0.03565359,-0.00521400
75241,20131122,PXD,-0.00021400,0.00500000,-0.00521400,-0.02343886,-0.03283745,-0.05598781,-0.02921200
75241,20131125,PXD,-0.03021200,-0.00100000,-0.02921200,-0.02102561,-0.00721466,-0.01473971,0.01380900
75241,20131126,PXD,0.01380900,0.00000000,0.01380900,-0.04261989,-0.03709400,-0.09757503,-0.02722600
75241,20131127,PXD,-0.02522600,0.00200000,-0.02722600,-0.01917105,-0.05303673,-0.09709074,-0.00548400
75241,20131129,PXD,-0.00648400,-0.00100000,-0.00548400,-0.02758025,-0.04290485,-0.08443209,0.00502500
75241,20131202,PXD,0.00202500,-0.00300000,0.00502500,0.02090229,0.00698717,-0.02587390,0.02147200
75241,20131203,PXD,0.01847200,-0.00300000,0.02147200,0.04929154,0.01541950,0.00825987,0.02233400
75241,20131204,PXD,0.02133400,-0.00100000,0.02233400,0.04352102,0.04285509,0.00521671,-0.00048000
75241,20131205,PXD,-0.00448000,-0.00400000,-0.00048000,-0.02904755,-0.00296081,-0.05585119,-0.05020000
75241,20131206,PXD,-0.03920000,0.01100000,-0.05020000,-0.05123283,-0.00869885,-0.05141618,-0.00070200
75241,20131209,PXD,0.00129800,0.00200000,-0.00070200,-0.04132083,-0.02004167,-0.01305985,0.00987600
75241,20131210,PXD,0.00687600,-0.00300000,0.00987600,0.00759370,-0.04259181,-0.02765274,-0.00148200
75241,20131211,PXD,-0.01248200,-0.01100000,-0.00148200,0.02715384,-0.02393866,0.01795700,0.01902000
75241,20131212,PXD,0.01502000,-0.00400000,0.01902000,0.02105635,0.03028014,0.02727454,0.00374100
75241,20131213,PXD,0.00374100,-0.00000000,0.00374100,0.01553710,0.02374019,0.01505659,-0.00728000
75241,20131216,PXD,-0.00128000,0.00600000,-0.00728000,0.01572398,0.03311908,0.01281804,0.01921000
75241,20131217,PXD,0.01621000,-0.00300000,0.01921000,0.00333276,0.02666981,-0.01787398,-0.00866800
75241,20131218,PXD,0.00833200,0.01700000,-0.00866800,0.03179593,0.02828438,0.00306861,0.02057100
75241,20131219,PXD,0.01957100,-0.00100000,0.02057100,0.00557826,0.01783983,0.04910565,-0.00638600
75241,20131220,PXD,-0.00138600,0.00500000,-0.00638600,-0.00227375,0.00849495,0.03288287,-0.01621300
75241,20131223,PXD,-0.01121300,0.00500000,-0.01621300,-0.03283681,-0.02151761,0.01211606,-0.01029000
75241,20131224,PXD,-0.00729000,0.00300000,-0.01029000,-0.01823489,-0.00421828,0.02272785,0.00849000
75241,20131226,PXD,0.01349000,0.00500000,0.00849000,0.00489084,-0.01796035,0.00998708,0.00676300
75241,20131227,PXD,0.00676300,-0.00000000,0.00676300,-0.01664052,-0.04290245,-0.02662938,-0.03134700
75241,20131230,PXD,-0.03134700,-0.00000000,-0.03134700,-0.01607538,-0.01809452,-0.01006874,0.00904400
75241,20131231,PXD,0.01304400,0.00400000,0.00904400,-0.05387231,-0.03970139,-0.06152454,-0.03196300
75241,20140102,PXD,-0.04096300,-0.00900000,-0.03196300,-0.02605888,-0.05008385,-0.05492616,-0.00271900
75241,20140103,PXD,-0.00271900,-0.00000000,-0.00271900,-0.04240908,-0.06405541,-0.08188195,-0.00830400
75241,20140106,PXD,-0.01130400,-0.00300000,-0.00830400,-0.01068654,-0.03386956,-0.07567233,0.00037700
75241,20140107,PXD,0.00637700,0.00600000,0.00037700,-0.00684483,-0.04122028,-0.05895615,0.00114200
75241,20140108,PXD,0.00114200,-0.00000000,0.00114200,-0.02059298,-0.03136305,-0.06993575,-0.02195400
75241,20140109,PXD,-0.02195400,0.00000000,-0.02195400,-0.03294199,-0.04077442,-0.08886060,-0.01232000
75241,20140110,PXD,-0.01032000,0.00200000,-0.01232000,-0.04936110,-0.04822319,-0.10847666,-0.01627800
75241,20140113,PXD,-0.02927800,-0.01300000,-0.01627800,0.00393707,-0.01697894,-0.05023332,0.03384800
75241,20140114,PXD,0.04484800,0.01100000,0.03384800,0.01606501,-0.01859416,-0.05913559,-0.00041100
75241,20140115,PXD,0.00458900,0.00500000,-0.00041100,0.05013953,0.01947430,-0.01256210,0.01580100
75241,20140116,PXD,0.01480100,-0.00100000,0.01580100,0.01471599,0.03132535,-0.01048186,-0.00067200
75241,20140117,PXD,-0.00467200,-0.00400000,-0.00067200,0.04115251,0.07671559,0.02372660,0.02579200
75241,20140121,PXD,0.02879200,0.00300000,0.02579200,0.04826900,0.06467091,0.04651679,0.02270200
75241,20140122,PXD,0.02370200,0.00100000,0.02270200,0.03388211,0.04920307,0.03011876,-0.01409900
75241,20140123,PXD,-0.02309900,-0.00900000,-0.01409900,-0.01010683,0.01392731,0.03314562,-0.01800100
75241,20140124,PXD,-0.03900100,-0.02100000,-0.01800100,-0.03447188,0.01116399,0.04185015,-0.00345200
75241,20140127,PXD,-0.00845200,-0.00500000,-0.00345200,-0.00915799,-0.00125571,0.07320569,0.01280100
75241,20140128,PXD,0.01880100,0.00600000,0.01280100,-0.02013841,-0.05001030,0.00873218,-0.02897100
75241,20140129,PXD,-0.03897100,-0.01000000,-0.02897100,-0.00035601,-0.02171393,0.02569434,0.01702800
75241,20140130,PXD,0.02802800,0.01100000,0.01702800,-0.02451369,-0.01559063,-0.00147329,-0.01180800
75241,20140131,PXD,-0.01780800,-0.00600000,-0.01180800,0.00339034,-0.01321711,-0.00204108,-0.00127400
75241,20140203,PXD,-0.02427400,-0.02300000,-0.00127400,0.01830811,0.00543507,0.00404630,0.03255400
75241,20140204,PXD,0.04055400,0.00800000,0.03255400,0.05040371,0.05559838,0.00127787,0.01968400
75241,20140205,PXD,0.01768400,-0.00200000,0.01968400,0.07255577,0.05651519,0.03273620,0.01789400
75241,20140206,PXD,0.02989400,0.01200000,0.01789400,0.05338784,0.08538833,0.06799403,0.01408400
75241,20140207,PXD,0.02708400,0.01300000,0.01408400,0.04127033,0.09811572,0.08098619,0.00810500
75241,20140210,PXD,0.01010500,0.00200000,0.00810500,-0.02352717,0.01447034,0.01988944,-0.04454200
75241,20140211,PXD,-0.03354200,0.01100000,-0.04454200,-0.03944545,-0.00866832,0.04869562,-0.00271200
75241,20140212,PXD,-0.00271200,-0.00000000,-0.00271200,-0.05681359,-0.03612236,0.02058872,-0.00971900
75241,20140213,PXD,-0.00371900,0.00600000,-0.00971900,0.01465363,-0.02289857,0.06242715,0.02731200
75241,20140214,PXD,0.03231200,0.00500000,0.02731200,0.04185252,-0.00739195,0.09202566,0.02371700
75241,20140218,PXD,0.02471700,0.00100000,0.02371700,0.04861435,0.03589414,0.05226319,-0.00269000
75241,20140219,PXD,-0.00969000,-0.00700000,-0.00269000,0.02324915,0.04135323,0.03382355,0.00229600
75241,20140220,PXD,0.00829600,0.00600000,0.00229600,-0.01170589,0.03928227,0.00290522,-0.01129100
75241,20140221,PXD,-0.01329100,-0.00200000,-0.01129100,0.02561873,0.04700022,0.02407228,0.03494500
75241,20140224,PXD,0.04094500,0.00600000,0.03494500,0.01705822,0.01659940,0.00945508,-0.00588100
75241,20140225,PXD,-0.00688100,-0.00100000,-0.00588100,0.02039604,0.01115318,0.04782606,-0.00811800
75241,20140226,PXD,-0.00811800,0.00000000,-0.00811800,-0.00266003,0.02048202,0.06323806,0.01152500
75241,20140227,PXD,0.01652500,0.00500000,0.01152500,0.03221210,0.06231930,0.10474586,0.02869200
75241,20140228,PXD,0.03169200,0.00300000,0.02869200,0.05461134,0.03983878,0.08886662,0.01351200
75241,20140303,PXD,0.00651200,-0.00700000,0.01351200,0.03785100,0.04147279,0.05910618,-0.00502400
75241,20140304,PXD,0.00997600,0.01500000,-0.00502400,-0.01937641,0.02072645,0.03247553,-0.02757800
75241,20140305,PXD,-0.02757800,-0.00000000,-0.02757800,-0.03762361,0.00408532,0.02494874,-0.00476600
75241,20140306,PXD,-0.00276600,0.00200000,-0.00476600,-0.04461368,-0.03666810,0.02356815,-0.01269800
75241,20140307,PXD,-0.01169800,0.00100000,-0.01269800,-0.02286414,-0.05543116,-0.01707939,-0.00551000
75241,20140310,PXD,-0.00551000,-0.00000000,-0.00551000,-0.04510698,-0.07588017,-0.03884988,-0.02752600
75241,20140311,PXD,-0.03252600,-0.00500000,-0.02752600,-0.04255034,-0.05928279,-0.04077372,-0.01007500
75241,20140312,PXD,-0.01007500,0.00000000,-0.01007500,-0.04477704,-0.06184562,-0.05887846,-0.00830200
75241,20140313,PXD,-0.02030200,-0.01200000,-0.00830200,0.00271502,-0.02975287,-0.06492561,0.02148100
75241,20140314,PXD,0.01848100,-0.00300000,0.02148100,-0.00083225,-0.03787976,-0.09133562,-0.01375800
75241,20140317,PXD,-0.00375800,0.01000000,-0.01375800,0.01446858,-0.00439514,-0.08007337,0.00663400
75241,20140318,PXD,0.01363400,0.00700000,0.00663400,-0.01526221,-0.00232080,-0.06121468,-0.00798200
75241,20140319,PXD,-0.01398200,-0.00600000,-0.00798200,-0.01251374,-0.00496002,-0.06728448,-0.01101400
75241,20140320,PXD,-0.00501400,0.00600000,-0.01101400,-0.00764999,-0.01494840,-0.04437521,0.01139900
75241,20140321,PXD,0.00839900,-0.00300000,0.01139900,-0.01748540,-0.01896958,-0.05589862,-0.01778500
75241,20140324,PXD,-0.02278500,-0.00500000,-0.01778500,-0.01549141,-0.03401229,-0.03830306,-0.00900400
75241,20140325,PXD,-0.00500400,0.00400000,-0.00900400,-0.02519652,-0.02492277,-0.02707030,0.00130800
75241,20140326,PXD,-0.00569200,-0.00700000,0.00130800,0.02498419,0.01806073,0.01332798,0.03296000
75241,20140327,PXD,0.03096000,-0.00200000,0.03296000,0.04797307,0.02009793,0.00520556,0.01338900
75241,20140328,PXD,0.01838900,0.00500000,0.01338900,0.02939729,0.02136012,0.00181148,-0.01705500
75241,20140331,PXD,-0.00905500,0.00800000,-0.01705500,-0.01867487,0.01562031,-0.01935949,-0.01464100
75241,20140401,PXD,-0.00764100,0.00700000,-0.01464100,0.00456267,0.05256814,0.02554250,0.03695500
75241,20140402,PXD,0.03995500,0.00300000,0.03695500,0.02112774,0.01741398,0.03596380,-0.00081200
75241,20140403,PXD,-0.00181200,-0.00100000,-0.00081200,0.02847623,-0.00333065,0.01679475,-0.00686700
75241,20140404,PXD,-0.01986700,-0.01300000,-0.00686700,-0.03486698,-0.01454134,0.00607083,-0.02789900
75241,20140407,PXD,-0.03889900,-0.01100000,-0.02789900,-0.01578772,0.01896508,0.03480848,0.01962300
75241,20140408,PXD,0.02362300,0.00400000,0.01962300,-0.00684230,-0.01437989,0.03659402,0.00244900
75241,20140409,PXD,0.01344900,0.01100000,0.00244900,0.01739492,-0.01753598,-0.00133818,-0.00432000
75241,20140410,PXD,-0.02532000,-0.02100000,-0.00432000,0.02118307,0.01186425,0.00862665,0.02343200
75241,20140411,PXD,0.01443200,-0.00900000,0.02343200,0.03537230,0.05854781,0.04238002,0.01685600
75241,20140414,PXD,0.02485600,0.00800000,0.01685600,0.06013943,0.05741273,0.07635060,0.01840600
75241,20140415,PXD,0.02540600,0.00700000,0.01840600,0.05016754,0.06862833,0.05264113,0.01329500
75241,20140416,PXD,0.02329500,0.01000000,0.01329500,0.04692104,0.09023642,0.06811479,0.01397700
75241,20140417,PXD,0.01497700,0.00100000,0.01397700,0.00660620,0.04331939,0.05492913,-0.02033000
75241,20140421,PXD,-0.01633000,0.00400000,-0.02033000,-0.02000655,0.01152097,0.07219554,-0.01340000
75241,20140422,PXD,-0.00940000,0.00400000,-0.01340000,-0.03546243,-0.00905548,0.04885731,-0.00198800
75241,20140423,PXD,-0.00398800,-0.00200000,-0.00198800,-0.01734648,-0.02394674,0.04378544,-0.00200000
75241,20140424,PXD,0.00000000,0.00200000,-0.00200000,-0.02268611,-0.05542941,0.02885848,-0.01880900
75241,20140425,PXD,-0.02680900,-0.00800000,-0.01880900,-0.02717039,-0.04210362,-0.00193082,-0.00648900
75241,20140428,PXD,-0.00348900,0.00300000,-0.00648900,-0.00623441,-0.01019338,0.00094199,0.01966600
75241,20140429,PXD,0.02466600,0.00500000,0.01966600,-0.00458144,-0.02548109,-0.03478583,-0.01733100
75241,20140430,PXD,-0.01433100,0.00300000,-0.01733100,0.00113017,-0.02428625,-0.04794114,-0.00082800
75241,20140501,PXD,-0.00082800,-0.00000000,-0.00082800,-0.00174212,0.01132311,-0.04529037,0.01663900
75241,20140502,PXD,0.01563900,-0.00100000,0.01663900,0.02476888,0.02698454,-0.01666333,0.00880900
75241,20140505,PXD,0.01080900,0.00200000,0.00880900,0.03395446,0.01543836,0.00513812,0.00834400
75241,20140506,PXD,-0.00065600,-0.00900000,0.00834400,0.06260019,0.07930776,0.05225138,0.04487800
75241,20140507,PXD,0.05087800,0.00600000,0.04487800,0.02801003,0.05427074,0.02890084,-0.02397600
75241,20140508,PXD,-0.02497600,-0.00100000,-0.02397600,0.00768427,0.02504632,0.03690349,-0.01170400
75241,20140509,PXD,-0.00970400,0.00200000,-0.01170400,-0.02949932,0.02284886,0.05086981,0.00651500
75241,20140512,PXD,0.01651500,0.01000000,0.00651500,-0.00108393,0.01876266,0.03465981,0.00425700
75241,20140513,PXD,0.00425700,0.00000000,0.00425700,0.01385264,-0.02223545,0.05582676,0.00300200
75241,20140514,PXD,-0.00199800,-0.00500000,0.00300200,0.00392286,-0.00134533,0.05274239,-0.00325500
75241,20140515,PXD,-0.01225500,-0.00900000,-0.00325500,-0.00314618,0.00752200,0.03275346,-0.00291300
75241,20140516,PXD,0.00108700,0.00400000,-0.00291300,-0.00846496,-0.00124122,0.02143119,-0.00232100
75241,20140519,PXD,0.00167900,0.00400000,-0.00232100,-0.00953164,-0.00967009,0.00852060,-0.00430300
75241,20140520,PXD,-0.01030300,-0.00600000,-0.00430300,0.00500192,-0.00123596,-0.02347116,0.01177400
75241,20140521,PXD,0.01977400,0.00800000,0.01177400,-0.00420308,-0.00948365,-0.01081243,-0.01142700
75241,20140522,PXD,-0.00942700,0.00200000,-0.01142700,-0.00638552,-0.01304069,-0.00552505,-0.00646500
75241,20140523,PXD,-0.00246500,0.00400000,-0.00646500,-0.01800281,-0.01076637,-0.01194649,-0.00001900
75241,20140527,PXD,0.00598100,0.00600000,-0.00001900,-0.00827441,-0.00821263,-0.01788952,-0.00175200
75241,20140528,PXD,-0.00275200,-0.00100000,-0.00175200,0.02873331,0.01033647,0.00907708,0.03042600
75241,20140529,PXD,0.03542600,0.00500000,0.03042600,0.02662316,0.02015444,0.01056901,-0.00195200
75241,20140530,PXD,0.00004800,0.00200000,-0.00195200,0.02312321,0.02140166,0.00816858,-0.00518700
75241,20140602,PXD,-0.00418700,0.00100000,-0.00518700,0.01674660,0.04595946,0.03526714,0.02398700
75241,20140603,PXD,0.02398700,-0.00000000,0.02398700,0.01779175,0.04697418,0.03919153,-0.00092700
75241,20140604,PXD,0.00107300,0.00200000,-0.00092700,0.01836493,0.01108338,0.02183719,-0.00476300
75241,20140605,PXD,0.00223700,0.00700000,-0.00476300,0.00754574,0.02665687,0.04808118,0.01323200
75241,20140606,PXD,0.01823200,0.00500000,0.01323200,0.01464090,0.03839520,0.06144227,0.00603400
75241,20140609,PXD,0.00703400,0.00100000,0.00603400,0.01348285,0.00779169,0.05485662,-0.00576000
75241,20140610,PXD,-0.00576000,-0.00000000,-0.00576000,0.02520315,0.03416937,0.08351398,0.02494000
75241,20140611,PXD,0.02094000,-0.00400000,0.02494000,0.02244817,0.04219462,0.05419802,0.00347000
75241,20140612,PXD,-0.00353000,-0.00700000,0.00347000,0.04336096,0.04364594,0.07193721,0.01471300
75241,20140613,PXD,0.01771300,0.00300000,0.01471300,0.01906709,0.03835590,0.07853266,0.00089500
75241,20140616,PXD,0.00189500,0.00100000,0.00089500,0.00954984,0.03819360,0.04681941,-0.00600200
75241,20140617,PXD,-0.00400200,0.00200000,-0.00600200,-0.00419567,0.01408652,0.04910176,0.00096400
75241,20140618,PXD,0.00896400,0.00800000,0.00096400,0.00036474,0.01618273,0.05961474,0.00543300
75241,20140619,PXD,0.00643300,0.00100000,0.00543300,0.01471710,0.00951294,0.05412108,0.00813200
75241,20140620,PXD,0.01013200,0.00200000,0.00813200,0.01568475,0.01065684,0.04984722,0.00202300
75241,20140623,PXD,0.00202300,-0.00000000,0.00202300,-0.03216722,-0.02624366,0.01126896,-0.04177300
75241,20140624,PXD,-0.04777300,-0.00600000,-0.04177300,0.00434413,0.01803046,0.03252421,0.04652300
75241,20140625,PXD,0.05152300,0.00500000,0.04652300,-0.01777667,-0.00783829,0.00809891,-0.02006700
75241,20140626,PXD,-0.02106700,-0.00100000,-0.02006700,0.01493082,-0.02583959,-0.01693611,-0.01019600
75241,20140627,PXD,-0.00819600,0.00200000,-0.01019600,-0.01498582,-0.01268427,-0.00232846,0.01555500
75241,20140630,PXD,0.01555500,-0.00000000,0.01555500,-0.00642779,0.01898766,-0.00800247,-0.01161200
75241,20140701,PXD,-0.00461200,0.00700000,-0.01161200,-0.01569634,-0.04556899,-0.02828737,-0.01936100
75241,20140702,PXD,-0.01836100,0.00100000,-0.01936100,-0.03406422,-0.02901073,-0.03673882,-0.00308500
75241,20140703,PXD,0.00191500,0.00500000,-0.00308500,-0.02654964,-0.02295931,-0.04843731,-0.00422300
75241,20140707,PXD,-0.00822300,-0.00400000,-0.00422300,0.00362223,-0.02716981,-0.03953305,0.01094400
75241,20140708,PXD,0.00394400,-0.00700000,0.01094400,0.01073849,-0.01178916,0.00681976,0.00406200
75241,20140709,PXD,0.00906200,0.00500000,0.00406200,0.01055312,0.00322665,-0.04223004,-0.00440600
75241,20140710,PXD,-0.00840600,-0.00400000,-0.00440600,-0.00907955,-0.00236656,-0.03108285,-0.00867400
75241,20140711,PXD,-0.00767400,0.00100000,-0.00867400,-0.00808672,0.00691455,-0.01613999,0.00507100
75241,20140714,PXD,0.01007100,0.00500000,0.00507100,-0.02286535,-0.02328030,-0.04999778,-0.01914300
75241,20140715,PXD,-0.02114300,-0.00200000,-0.01914300,0.00769958,-0.00552633,-0.01729691,0.02228300
75241,20140716,PXD,0.02628300,0.00400000,0.02228300,0.00077309,-0.00287341,0.00034530,-0.00178000
75241,20140717,PXD,-0.01378000,-0.01200000,-0.00178000,0.01263380,-0.00181042,-0.00416790,-0.00766400
75241,20140718,PXD,0.00233600,0.01000000,-0.00766400,0.01284407,0.01548461,0.02249059,0.02243900
75241,20140721,PXD,0.02043900,-0.00200000,0.02243900,0.01658732,0.03724048,0.01316525,0.00163300
75241,20140722,PXD,0.00663300,0.00500000,0.00163300,0.03377598,0.02398549,0.01840616,0.00925800
75241,20140723,PXD,0.01125800,0.00200000,0.00925800,0.01328387,0.02853388,0.02541862,0.00228700
75241,20140724,PXD,0.00228700,0.00000000,0.00228700,0.01265320,0.03714219,0.03544536,0.00112500
75241,20140725,PXD,-0.00387500,-0.00500000,0.00112500,-0.01333907,-0.00267774,0.01280170,-0.01676900
75241,20140728,PXD,-0.01676900,0.00000000,-0.01676900,-0.00431812,0.00707867,0.04431948,0.01141800
75241,20140729,PXD,0.00641800,-0.00500000,0.01141800,-0.01341060,-0.01000306,0.01347459,-0.00803600
75241,20140730,PXD,-0.00803600,0.00000000,-0.00803600,-0.00164902,-0.01680620,0.01014566,-0.00492100
75241,20140731,PXD,-0.02492100,-0.02000000,-0.00492100,-0.03165419,-0.03665654,-0.00190828,-0.01957700
75241,20140801,PXD,-0.02257700,-0.00300000,-0.01957700,-0.00463690,-0.00135239,-0.00397289,0.02048800
75241,20140804,PXD,0.02748800,0.00700000,0.02048800,-0.04577654,-0.05695650,-0.05000927,-0.04588800
75241,20140805,PXD,-0.05588800,-0.01000000,-0.04588800,-0.04359012,-0.06546588,-0.07390158,-0.01724000
75241,20140806,PXD,-0.01724000,0.00000000,-0.01724000,-0.05914717,-0.05909444,-0.07294584,0.00285000
75241,20140807,PXD,-0.00315000,-0.00600000,0.00285000,-0.00530960,-0.03217615,-0.06686201,0.00938900
75241,20140808,PXD,0.02138900,0.01200000,0.00938900,0.00307206,-0.05987023,-0.05988163,-0.00904400
75241,20140811,PXD,-0.00604400,0.00300000,-0.00904400,-0.01849857,-0.03264452,-0.08728951,-0.01839800
75241,20140812,PXD,-0.02039800,-0.00200000,-0.01839800,-0.03284452,-0.02109974,-0.08555196,-0.00548500
75241,20140813,PXD,0.00151500,0.00700000,-0.00548500,-0.05099983,-0.05159444,-0.10844828,-0.02752500
75241,20140814,PXD,-0.02352500,0.00400000,-0.02752500,-0.01870244,-0.04582417,-0.07704318,0.01469500
75241,20140815,PXD,0.01469500,-0.00000000,0.01469500,-0.01718408,-0.04107050,-0.09951773,-0.00392600
75241,20140818,PXD,0.00507400,0.00900000,-0.00392600,0.00145009,-0.03211992,-0.06476198,-0.00926400
75241,20140819,PXD,-0.00426400,0.00500000,-0.00926400,-0.00888053,-0.02218642,-0.04355301,0.00439900
75241,20140820,PXD,0.00639900,0.00200000,0.00439900,-0.00066998,0.01026919,-0.04259335,0.00423800
75241,20140821,PXD,0.00723800,0.00300000,0.00423800,0.00222111,-0.01107340,-0.05730621,-0.00635200
75241,20140822,PXD,-0.00835200,-0.00200000,-0.00635200,0.01165549,0.00674843,-0.03501319,0.01385100
75241,20140825,PXD,0.01885100,0.00500000,0.01385100,0.02222608,0.03124224,-0.00138270,0.01471500
75241,20140826,PXD,0.01571500,0.00100000,0.01471500,0.00290602,0.00072114,-0.02162218,-0.02507700
75241,20140827,PXD,-0.02507700,0.00000000,-0.02507700,-0.01312705,-0.00591857,0.00419705,-0.00241600
75241,20140828,PXD,-0.00441600,-0.00200000,-0.00241600,-0.01376902,0.01463689,0.00357388,0.01411000
75241,20140829,PXD,0.01711000,0.00300000,0.01411000,-0.00363322,-0.01435382,-0.00788288,-0.01505600
75241,20140902,PXD,-0.01605600,-0.00100000,-0.01505600,0.00290362,-0.02459121,0.00562951,0.00411700
75241,20140903,PXD,0.00311700,-0.00100000,0.00411700,-0.03789382,-0.02679402,-0.02628207,-0.02728000
75241,20140904,PXD,-0.02928000,-0.00200000,-0.02728000,-0.01752524,-0.01875908,-0.02462746,0.00600500
75241,20140905,PXD,0.01100500,0.00500000,0.00600500,-0.03872939,-0.04921623,-0.03567401,-0.01753300
75241,20140908,PXD,-0.02053300,-0.00300000,-0.01753300,0.00237798,-0.02082384,-0.03478444,0.01417300
75241,20140909,PXD,0.00717300,-0.00700000,0.01417300,-0.00382749,-0.02521359,-0.04908444,-0.00028900
75241,20140910,PXD,0.00371100,0.00400000,-0.00028900,0.03062246,0.01860869,-0.00873850,0.01649000
75241,20140911,PXD,0.01749000,0.00100000,0.01649000,0.01542086,0.01168787,-0.00703760,-0.00072800
75241,20140912,PXD,-0.00672800,-0.00600000,-0.00072800,0.01849378,0.03255054,-0.01788991,0.00282900
75241,20140915,PXD,0.00182900,-0.00100000,0.00282900,0.01575883,0.03235518,0.01049505,0.01372900
75241,20140916,PXD,0.02072900,0.00700000,0.01372900,0.00877408,0.02462731,-0.00133163,-0.00767200
75241,20140917,PXD,-0.00667200,0.00100000,-0.00767200,-0.01531665,-0.01313156,0.00534438,-0.02096600
75241,20140918,PXD,-0.01596600,0.00500000,-0.02096600,-0.03569259,-0.01979649,-0.00798168,-0.00732100
75241,20140919,PXD,-0.00732100,-0.00000000,-0.00732100,-0.04334838,-0.03805810,-0.00624256,-0.01576900
75241,20140922,PXD,-0.02376900,-0.00800000,-0.01576900,-0.00979183,-0.03770960,-0.00702143,0.01340100
75241,20140923,PXD,0.00740100,-0.00600000,0.01340100,-0.00469962,-0.03259002,-0.00885607,-0.00212200
75241,20140924,PXD,0.00587800,0.00800000,-0.00212200,0.00785159,-0.01498450,-0.02772017,-0.00329300
75241,20140925,PXD,-0.01929300,-0.01600000,-0.00329300,-0.00444681,-0.00696726,-0.02644906,0.00101600
75241,20140926,PXD,0.01001600,0.00900000,0.00101600,0.02765719,0.03928098,0.00023378,0.03026300
75241,20140929,PXD,0.02726300,-0.00300000,0.03026300,0.00896128,0.00342361,-0.03424662,-0.02170800
75241,20140930,PXD,-0.02470800,-0.00300000,-0.02170800,-0.01557367,-0.01770844,-0.04885718,-0.02330000
75241,20141001,PXD,-0.03630000,-0.01300000,-0.02330000,-0.05137965,-0.02223395,-0.03624578,-0.00769200
75241,20141002,PXD,-0.00769200,0.00000000,-0.00769200,-0.05162228,-0.04386377,-0.04989141,-0.02151200
75241,20141003,PXD,-0.01051200,0.01100000,-0.02151200,-0.02378249,-0.06689933,-0.02997822,0.00538000
75241,20141006,PXD,0.00338000,-0.00200000,0.00538000,-0.02214047,-0.05169631,-0.04824634,-0.00628200
75241,20141007,PXD,-0.02128200,-0.01500000,-0.00628200,-0.00338973,-0.03244392,-0.04892698,-0.00241200
75241,20141008,PXD,0.01458800,0.01700000,-0.00241200,-0.02888733,-0.04451444,-0.06507664,-0.02046500
75241,20141009,PXD,-0.04146500,-0.02100000,-0.02046500,-0.02178901,-0.02238605,-0.06368160,0.00111200
75241,20141010,PXD,-0.00988800,-0.01100000,0.00111200,-0.04789318,-0.05589366,-0.11560494,-0.03058400
75241,20141013,PXD,-0.04658400,-0.01600000,-0.03058400,-0.04939239,-0.07058451,-0.11577963,-0.02134200
75241,20141014,PXD,-0.01934200,0.00200000,-0.02134200,-0.00452158,-0.02304492,-0.05326936,0.04926700
75241,20141015,PXD,0.04126700,-0.00800000,0.04926700,0.06487449,0.03222894,-0.01260346,0.03695100
75241,20141016,PXD,0.03695100,0.00000000,0.03695100,0.07945949,0.02304999,-0.00038405,-0.00872800
75241,20141017,PXD,0.00427200,0.01300000,-0.00872800,0.02526735,0.05354437,-0.00867611,-0.00323500
75241,20141020,PXD,0.00576500,0.00900000,-0.00323500,0.00251812,0.09419605,0.01180385,0.01466700
75241,20141021,PXD,0.03466700,0.02000000,0.01466700,-0.02024055,0.00792633,-0.01653387,-0.03037800
75241,20141022,PXD,-0.03737800,-0.00700000,-0.03037800,-0.00147682,-0.01384862,0.01992337,0.01565500
75241,20141023,PXD,0.02765500,0.01200000,0.01565500,-0.03792649,-0.02787876,-0.00425867,-0.02238500
75241,20141024,PXD,-0.01538500,0.00700000,-0.02238500,-0.03123600,-0.04826509,0.00353729,-0.02373000
75241,20141027,PXD,-0.02573000,-0.00200000,-0.02373000,-0.01802386,-0.03376977,0.05816634,0.02942800
75241,20141028,PXD,0.04142800,0.01200000,0.02942800,0.01858637,0.01150223,0.02014901,0.01373400
75241,20141029,PXD,0.01273400,-0.00100000,0.01373400,0.03344219,-0.01440412,-0.02904652,-0.00997600
75241,20141030,PXD,-0.00397600,0.00600000,-0.00997600,0.01178830,0.01669621,-0.01171378,0.00796100
75241,20141031,PXD,0.01996100,0.01200000,0.00796100,-0.00710976,0.03699278,-0.01335553,-0.00486600
75241,20141103,PXD,-0.00486600,-0.00000000,-0.00486600,-0.03297145,-0.02951188,-0.06340852,-0.03542900
75241,20141104,PXD,-0.03842900,-0.00300000,-0.03542900,-0.08866889,-0.09225204,-0.08417157,-0.05049700
75241,20141105,PXD,-0.04449700,0.00600000,-0.05049700,-0.07773857,-0.07588562,-0.09115044,0.00739700
75241,20141106,PXD,0.01139700,0.00400000,0.00739700,-0.03329454,-0.07236933,-0.05873309,0.01069600
75241,20141107,PXD,0.01069600,0.00000000,0.01069600,-0.01279652,-0.09654571,-0.06557873,-0.03039100
75241,20141110,PXD,-0.02739100,0.00300000,-0.03039100,-0.02144908,-0.06453403,-0.09346019,-0.00146600
75241,20141111,PXD,-0.00046600,0.00100000,-0.00146600,-0.03859624,-0.02118402,-0.11257572,-0.00697500
75241,20141112,PXD,-0.00797500,-0.00100000,-0.00697500,-0.03992595,-0.05925562,-0.13207875,-0.03174900
75241,20141113,PXD,-0.03074900,0.00100000,-0.03174900,-0.00669286,-0.03835378,-0.10850535,0.03305700
75241,20141114,PXD,0.03305700,0.00000000,0.03305700,-0.03351290,-0.04168334,-0.13481526,-0.03376100
75241,20141117,PXD,-0.03276100,0.00100000,-0.03376100,0.00483281,-0.03406205,-0.09726454,0.00663400
75241,20141118,PXD,0.01163400,0.00500000,0.00663400,-0.01448333,-0.01420944,-0.03529793,0.01326000
75241,20141119,PXD,0.01126000,-0.00200000,0.01326000,0.04044762,0.03861984,-0.02312526,0.01991400
75241,20141120,PXD,0.02191400,0.00200000,0.01991400,0.05028683,0.02155463,-0.01796267,0.01615500
75241,20141121,PXD,0.02115500,0.00500000,0.01615500,0.00276226,0.02306184,-0.02008068,-0.03245700
75241,20141124,PXD,-0.02945700,0.00300000,-0.03245700,-0.04079625,-0.00850069,-0.04256277,-0.02408800
75241,20141125,PXD,-0.02508800,-0.00100000,-0.02408800,-0.09229574,-0.05960826,-0.07343977,-0.03839100
75241,20141126,PXD,-0.03539100,0.00300000,-0.03839100,-0.16138951,-0.17687215,-0.14587424,-0.10632200
75241,20141128,PXD,-0.10932200,-0.00300000,-0.10632200,-0.12417727,-0.17290767,-0.15709568,0.01824100
75241,20141201,PXD,0.01124100,-0.00700000,0.01824100,-0.08575705,-0.14198608,-0.12409904,0.00456300
75241,20141202,PXD,0.01056300,0.00600000,0.00456300,0.04940997,-0.09880009,-0.10717785,0.02578800
75241,20141203,PXD,0.02978800,0.00400000,0.02578800,-0.00425021,-0.09396423,-0.14904066,-0.03349900
75241,20141204,PXD,-0.03449900,-0.00100000,-0.03349900,-0.02802580,-0.00556063,-0.18218765,-0.01938500
75241,20141205,PXD,-0.01738500,0.00200000,-0.01938500,-0.10916457,-0.08314625,-0.24194321,-0.06034300
75241,20141208,PXD,-0.06734300,-0.00700000,-0.06034300,-0.05820363,-0.06656042,-0.19867073,0.02219400
75241,20141209,PXD,0.02219400,-0.00000000,0.02219400,-0.05718218,-0.10533521,-0.19187338,-0.01906200
75241,20141210,PXD,-0.03506200,-0.01600000,-0.01906200,-0.00968962,-0.08655292,-0.17078591,-0.01222200
75241,20141211,PXD,-0.00722200,0.00500000,-0.01222200,-0.01036032,-0.04845411,-0.05374946,0.02097700
75241,20141212,PXD,0.00497700,-0.01600000,0.02097700,0.02172652,0.02374381,-0.05856044,0.01301000
75241,20141215,PXD,0.00701000,-0.00600000,0.01301000,0.06188883,0.02925691,-0.03661602,0.02789900
75241,20141216,PXD,0.01989900,-0.00800000,0.02789900,0.09747005,0.10609751,-0.01217224,0.05418400
75241,20141217,PXD,0.07418400,0.02000000,0.05418400,0.08319217,0.11934365,0.01938479,-0.00231500
75241,20141218,PXD,0.02168500,0.02400000,-0.00231500,0.08308648,0.12837215,0.06767124,0.02717500
75241,20141219,PXD,0.03217500,0.00500000,0.02717500,0.00205340,0.08875133,0.11277623,-0.02227100
75241,20141222,PXD,-0.01827100,0.00400000,-0.02227100,0.01937994,0.07485163,0.10490717,0.01487700
75241,20141223,PXD,0.01687700,0.00200000,0.01487700,-0.01818835,0.00640978,0.11689845,-0.01049600
75241,20141224,PXD,-0.01049600,-0.00000000,-0.01049600,0.00386640,0.00823556,0.13035196,-0.00034800
75241,20141226,PXD,0.00265200,0.00300000,-0.00034800,0.00163888,-0.00610498,0.12255767,0.01262100
75241,20141229,PXD,0.01362100,0.00100000,0.01262100,-0.00408755,0.00008674,0.08893677,-0.01607000
75241,20141230,PXD,-0.02107000,-0.00500000,-0.01607000,-0.00183826,-0.01254379,0.05984248,0.00187000
75241,20141231,PXD,-0.00813000,-0.01000000,0.00187000,-0.00729458,0.00470855,0.01124419,0.00698700
75241,20150102,PXD,0.00698700,-0.00000000,0.00698700,-0.04041534,-0.04372996,-0.03673105,-0.04911600
75241,20150105,PXD,-0.06711600,-0.01800000,-0.04911600,-0.03624566,-0.04889438,-0.05493885,0.00635400
75241,20150106,PXD,-0.00264600,-0.00900000,0.00635400,-0.06463196,-0.05588767,-0.05586278,-0.02297100
75241,20150107,PXD,-0.01097100,0.01200000,-0.02297100,-0.00964481,-0.05255050,-0.06388890,0.00723000
75241,20150108,PXD,0.02523000,0.01800000,0.00723000,-0.00003217,-0.04371570,-0.03875750,0.01585000
75241,20150109,PXD,0.00785000,-0.00800000,0.01585000,-0.02352720,-0.03971677,-0.08065477,-0.04525600
75241,20150112,PXD,-0.05325600,-0.00800000,-0.04525600,-0.00600397,-0.02201502,-0.06944782,0.02493700
75241,20150113,PXD,0.02193700,-0.00300000,0.02493700,0.01487441,0.03839550,-0.02019466,0.03747400
75241,20150114,PXD,0.03147400,-0.00600000,0.03747400,0.06518469,0.03284475,-0.01958428,0.00253200
75241,20150115,PXD,-0.00646800,-0.00900000,0.00253200,0.08974663,0.06536585,0.01900852,0.04828400
75241,20150116,PXD,0.06128400,0.01300000,0.04828400,0.03031896,0.09541432,0.05247887,-0.01927000
75241,20150120,PXD,-0.01727000,0.00200000,-0.01927000,0.06220102,0.10429115,0.08099514,0.03272600
75241,20150121,PXD,0.03772600,0.00500000,0.03272600,-0.00551077,0.04584351,0.08666968,-0.01813800
75241,20150122,PXD,-0.00313800,0.01500000,-0.01813800,0.02220953,0.05151134,0.08531241,0.00762400
75241,20150123,PXD,0.00262400,-0.00500000,0.00762400,0.00071163,0.01368599,0.08107820,0.01119600
75241,20150126,PXD,0.01419600,0.00300000,0.01119600,0.03243694,0.04773394,0.14800927,0.01358100
75241,20150127,PXD,0.00058100,-0.01300000,0.01358100,-0.03145466,-0.04164610,0.05672177,-0.05514100
75241,20150128,PXD,-0.06814100,-0.01300000,-0.05514100,-0.04047994,-0.02259366,0.02079626,0.00183000
75241,20150129,PXD,0.01183000,0.01000000,0.00183000,-0.01350036,0.01072493,0.06177531,0.04219500
75241,20150130,PXD,0.02919500,-0.01300000,0.04219500,0.07713117,0.02973805,0.04420498,0.03077900
75241,20150202,PXD,0.04377900,0.01300000,0.03077900,0.09119104,0.03124880,0.08113253,0.01464100
75241,20150203,PXD,0.02864100,0.01400000,0.01464100,0.02329699,0.06978788,0.02348588,-0.02143000
75241,20150204,PXD,-0.02543000,-0.00400000,-0.02143000,-0.01068680,0.06443243,0.03876963,-0.00314300
75241,20150205,PXD,0.00685700,0.01000000,-0.00314300,-0.03369312,0.01045316,0.02134271,-0.00923300
75241,20150206,PXD,-0.01223300,-0.00300000,-0.00923300,-0.02446477,-0.03200889,-0.00231832,-0.01215100
75241,20150209,PXD,-0.01615100,-0.00400000,-0.01215100,-0.03842674,-0.06251091,-0.03357164,-0.01748800
75241,20150210,PXD,-0.00648800,0.01100000,-0.01748800,-0.06875020,-0.08089112,-0.01738061,-0.04016500
75241,20150211,PXD,-0.04016500,-0.00000000,-0.04016500,-0.05991077,-0.07986802,-0.02126833,-0.00203900
75241,20150212,PXD,0.00796100,0.01000000,-0.00203900,0.01685057,-0.01343346,-0.00330598,0.06154600
75241,20150213,PXD,0.06554600,0.00400000,0.06154600,0.05666775,-0.00427587,-0.03707519,-0.00320400
75241,20150217,PXD,-0.00120400,0.00200000,-0.00320400,0.05346279,0.00894479,-0.05504098,-0.00450300
75241,20150218,PXD,-0.00450300,-0.00000000,-0.00450300,0.01363582,0.07469408,-0.01241289,0.02145200
75241,20150219,PXD,0.02045200,-0.00100000,0.02145200,0.00198323,0.06065679,-0.02408922,-0.01474100
75241,20150220,PXD,-0.00874100,0.00600000,-0.01474100,-0.00977281,-0.01745713,-0.03111840,-0.01612500
75241,20150223,PXD,-0.01612500,-0.00000000,-0.01612500,-0.02643831,-0.00984862,-0.01438495,0.00449000
75241,20150224,PXD,0.00749000,0.00300000,0.00449000,0.00801744,0.01466113,0.02403526,0.01993600
75241,20150225,PXD,0.01893600,-0.00100000,0.01993600,-0.00208391,-0.03278809,0.03948632,-0.02594100
75241,20150226,PXD,-0.02694100,-0.00100000,-0.02594100,-0.02582655,-0.03729750,0.02056368,-0.01949600
75241,20150227,PXD,-0.02249600,-0.00300000,-0.01949600,-0.03690291,-0.01326384,-0.03065180,0.00862100
75241,20150302,PXD,0.01462100,0.00600000,0.00862100,0.02427215,0.01756257,0.00772131,0.03569500
75241,20150303,PXD,0.03069500,-0.00500000,0.03569500,0.07181175,0.02360722,0.03867684,0.02600600
75241,20150304,PXD,0.02200600,-0.00400000,0.02600600,0.04475785,0.03329412,-0.00018758,-0.01676600
75241,20150305,PXD,-0.01576600,0.00100000,-0.01676600,-0.00391588,0.03993983,0.00166954,-0.01261400
75241,20150306,PXD,-0.02661400,-0.01400000,-0.01261400,-0.05105304,0.00801308,-0.00508688,-0.02295400
75241,20150309,PXD,-0.01895400,0.00400000,-0.02295400,-0.02584463,-0.01733911,-0.00053473,0.00897200
75241,20150310,PXD,-0.00802800,-0.01700000,0.00897200,-0.00435970,-0.03268784,-0.01028056,0.00963300
75241,20150311,PXD,0.00763300,-0.00200000,0.00963300,0.00660488,-0.02848277,0.00346677,-0.01215100
75241,20150312,PXD,0.00084900,0.01300000,-0.01215100,0.01259407,-0.00157309,0.03800063,0.01493800
75241,20150313,PXD,0.00893800,-0.00600000,0.01493800,0.00418608,0.02308295,0.03087957,0.00126100
75241,20150316,PXD,0.01526100,0.01400000,0.00126100,0.01631171,0.01395243,-0.00432054,-0.00005700
75241,20150317,PXD,-0.00305700,-0.00300000,-0.00005700,0.00025524,0.00319659,-0.03067103,-0.00094700
75241,20150318,PXD,0.01105300,0.01200000,-0.00094700,0.00716368,0.02382170,-0.00606362,0.00809600
75241,20150319,PXD,0.00309600,-0.00500000,0.00809600,0.02897549,0.03054631,0.02863127,0.02136400
75241,20150320,PXD,0.03036400,0.00900000,0.02136400,0.00285455,0.00187355,0.02525511,-0.02581900
75241,20150323,PXD,-0.02781900,-0.00200000,-0.02581900,-0.00560254,0.00156801,0.01567732,-0.00035200
75241,20150324,PXD,-0.00635200,-0.00600000,-0.00035200,0.01363545,0.04301517,0.04758635,0.04063300
75241,20150325,PXD,0.02563300,-0.01500000,0.04063300,0.05431248,0.04924400,0.07444088,0.01409500
75241,20150326,PXD,0.01209500,-0.00200000,0.01409500,0.05076341,0.02342162,0.05462029,-0.00419500
75241,20150327,PXD,-0.00219500,0.00200000,-0.00419500,0.01571587,0.05652462,0.05910463,0.00566400
75241,20150330,PXD,0.01766400,0.01200000,0.00566400,-0.00770262,0.04728175,0.04927772,-0.00895800
75241,20150331,PXD,-0.01795800,-0.00900000,-0.00895800,0.02110575,0.03118051,0.07489604,0.02461000
75241,20150401,PXD,0.02061000,-0.00400000,0.02461000,0.03568226,0.03762641,0.08835993,0.02032900
75241,20150402,PXD,0.02432900,0.00400000,0.02032900,0.05460237,0.05104132,0.07472278,0.00844400
75241,20150406,PXD,0.01544400,0.00700000,0.00844400,0.02083603,0.03626677,0.09427864,-0.00790900
75241,20150407,PXD,-0.00990900,-0.00200000,-0.00790900,-0.01086708,0.03445921,0.08332892,-0.01120400
75241,20150408,PXD,-0.00820400,0.00300000,-0.01120400,0.00082140,0.03012074,0.06270799,0.02028900
75241,20150409,PXD,0.02428900,0.00400000,0.02028900,-0.00820562,-0.00784898,0.03008693,-0.01685600
75241,20150410,PXD,-0.01185600,0.00500000,-0.01685600,0.00511954,-0.01407411,0.03636340,0.00198600
75241,20150413,PXD,-0.00301400,-0.00500000,0.00198600,0.00684653,0.01584661,0.05294994,0.02201200
75241,20150414,PXD,0.02401200,0.00200000,0.02201200,0.04103526,0.04466489,0.08139934,0.01663200
75241,20150415,PXD,0.02163200,0.00500000,0.01663200,0.04184674,0.02632776,0.05784494,0.00261200
75241,20150416,PXD,0.00161200,-0.00100000,0.00261200,0.01726963,0.04139788,0.03401037,-0.00176100
75241,20150417,PXD,-0.01276100,-0.01100000,-0.00176100,-0.01207353,0.02640124,0.01203208,-0.01304600
75241,20150420,PXD,-0.00404600,0.00900000,-0.01304600,-0.03385531,-0.01541937,0.00005814,-0.01954100
75241,20150421,PXD,-0.02054100,-0.00100000,-0.01954100,-0.04113151,-0.03984206,0.00264407,-0.00868700
75241,20150422,PXD,-0.00368700,0.00500000,-0.00868700,-0.01757173,-0.03202165,-0.00662591,0.01089500
75241,20150423,PXD,0.01289500,0.00200000,0.01089500,-0.00597100,-0.03861280,0.00228154,-0.00805200
75241,20150424,PXD,-0.00605200,0.00200000,-0.00805200,-0.00877853,-0.03671348,-0.01131923,-0.01145100
75241,20150427,PXD,-0.01545100,-0.00400000,-0.01145100,-0.01799961,-0.01601193,-0.03132198,0.00149200
75241,20150428,PXD,0.00449200,0.00300000,0.00149200,0.00920083,0.01201022,-0.02825891,0.01939100
75241,20150429,PXD,0.01539100,-0.00400000,0.01939100,0.01899405,-0.00060064,-0.03218950,-0.00172600
75241,20150430,PXD,-0.01172600,-0.01000000,-0.00172600,-0.00048759,-0.01046742,-0.04869572,-0.01806100
75241,20150501,PXD,-0.00706100,0.01100000,-0.01806100,-0.04107184,-0.02084555,-0.05698236,-0.02182700
75241,20150504,PXD,-0.01882700,0.00300000,-0.02182700,-0.05817887,-0.04090457,-0.05639480,-0.01936700
75241,20150505,PXD,-0.03136700,-0.01200000,-0.01936700,-0.05496432,-0.07327581,-0.06221618,-0.01531900
75241,20150506,PXD,-0.01931900,-0.00400000,-0.01531900,-0.04002476,-0.07830397,-0.07784169,-0.00606400
75241,20150507,PXD,-0.00206400,0.00400000,-0.00606400,-0.03745464,-0.07669096,-0.08607956,-0.01619600
75241,20150508,PXD,-0.00319600,0.01300000,-0.01619600,-0.05518161,-0.08695451,-0.10615053,-0.03316200
75241,20150511,PXD,-0.03816200,-0.00500000,-0.03316200,-0.03643398,-0.05708816,-0.09516581,0.01313100
75241,20150512,PXD,0.01013100,-0.00300000,0.01313100,-0.03709331,-0.05902569,-0.12791527,-0.01714800
75241,20150513,PXD,-0.01714800,-0.00000000,-0.01714800,-0.00633366,-0.05563528,-0.13093578,-0.00211200
75241,20150514,PXD,0.00888800,0.01100000,-0.00211200,-0.01117007,-0.03153066,-0.10622568,0.00833200
75241,20150515,PXD,0.00933200,0.00100000,0.00833200,0.02307298,0.01865329,-0.07104473,0.01646100
75241,20150518,PXD,0.01946100,0.00300000,0.01646100,-0.00476098,-0.02419161,-0.08081820,-0.02887100
75241,20150519,PXD,-0.02987100,-0.00100000,-0.02887100,-0.01812809,-0.01216182,-0.07134667,-0.00521000
75241,20150520,PXD,-0.00621000,-0.00100000,-0.00521000,-0.01065132,0.01401151,-0.04240215,0.02418100
75241,20150521,PXD,0.02618100,0.00200000,0.02418100,0.01342487,0.00030205,-0.03126819,-0.00524400
75241,20150522,PXD,-0.00724400,-0.00200000,-0.00524400,0.01776612,-0.01642905,0.00149708,-0.00078300
75241,20150526,PXD,-0.01078300,-0.01000000,-0.00078300,-0.02556637,-0.00732050,-0.03138710,-0.01990100
75241,20150527,PXD,-0.01090100,0.00900000,-0.01990100,-0.03781533,-0.01981210,-0.03196543,-0.01774200
75241,20150528,PXD,-0.01874200,-0.00100000,-0.01774200,-0.03699542,-0.04231193,-0.02920348,0.00021600
75241,20150529,PXD,-0.00578400,-0.00600000,0.00021600,-0.00660701,-0.02683838,-0.02657287,0.01112300
75241,20150601,PXD,0.01312300,0.00200000,0.01112300,0.03728951,-0.00105044,-0.01749800,0.02583800
75241,20150602,PXD,0.02483800,-0.00100000,0.02583800,0.01790190,-0.00001112,-0.00730212,-0.01874400
75241,20150603,PXD,-0.01674400,0.00200000,-0.01874400,0.00079962,0.01199027,-0.00784691,-0.00577600
75241,20150604,PXD,-0.01477600,-0.00900000,-0.00577600,-0.00488876,0.03191431,-0.01177196,0.01996600
75241,20150605,PXD,0.01896600,-0.00100000,0.01996600,0.00281143,0.00940667,-0.01734027,-0.01096300
75241,20150608,PXD,-0.01696300,-0.00600000,-0.01096300,0.00753227,-0.01678821,-0.01785576,-0.00114100
75241,20150609,PXD,-0.00114100,0.00000000,-0.00114100,-0.01061436,0.00332726,0.00330280,0.00164500
75241,20150610,PXD,0.01364500,0.01200000,0.00164500,-0.00818243,0.00060068,0.01267406,-0.00856500
75241,20150611,PXD,-0.00656500,0.00200000,-0.00856500,-0.01485786,-0.02675754,0.00451891,-0.00781900
75241,20150612,PXD,-0.01481900,-0.00700000,-0.00781900,-0.01196031,-0.01162605,-0.00213715,0.00432300
75241,20150615,PXD,-0.00067700,-0.00500000,0.00432300,0.00263275,-0.00433983,-0.02112726,0.00627200
75241,20150616,PXD,0.01227200,0.00600000,0.00627200,-0.01733550,-0.03328750,-0.02994062,-0.02765300
75241,20150617,PXD,-0.02565300,0.00200000,-0.02765300,-0.04555182,-0.04843106,-0.04819164,-0.02395500
75241,20150618,PXD,-0.01395500,0.01000000,-0.02395500,-0.05163524,-0.04154298,-0.06743802,-0.00064700
75241,20150619,PXD,-0.00564700,-0.00500000,-0.00064700,-0.03579652,-0.05725244,-0.06854296,-0.01139900
75241,20150622,PXD,-0.00539900,0.00600000,-0.01139900,-0.00852526,-0.05956168,-0.06417453,0.00351100
75241,20150623,PXD,0.00451100,0.00100000,0.00351100,-0.00465491,-0.02903617,-0.06146074,0.00321100
75241,20150624,PXD,-0.00378900,-0.00700000,0.00321100,0.01166723,-0.00033910,-0.04836696,0.00497200
75241,20150625,PXD,0.00197200,-0.00300000,0.00497200,-0.00756476,-0.01539727,-0.05629640,-0.01574800
75241,20150626,PXD,-0.01574800,-0.00000000,-0.01574800,-0.00832569,-0.00178034,-0.05725868,0.00228600
75241,20150629,PXD,-0.01871400,-0.02100000,0.00228600,-0.00689411,0.00112570,-0.05682775,0.00653600
75241,20150630,PXD,0.00953600,0.00300000,0.00653600,-0.01573798,-0.02620685,-0.05419964,-0.02473700
75241,20150701,PXD,-0.01773700,0.00700000,-0.02473700,-0.00419683,-0.01735268,-0.01754280,0.01431400
75241,20150702,PXD,0.01431400,-0.00000000,0.01431400,-0.04356552,-0.03442546,-0.04895473,-0.03305300
75241,20150706,PXD,-0.03705300,-0.00400000,-0.03305300,-0.00337052,-0.02176972,-0.02288396,0.01639600
75241,20150707,PXD,0.02239600,0.00600000,0.01639600,-0.00911368,-0.01959618,-0.01795574,0.00817900
75241,20150708,PXD,-0.00882100,-0.01700000,0.00817900,0.05121056,0.03092544,0.00381334,0.02633000
75241,20150709,PXD,0.02833000,0.00200000,0.02633000,-0.00839982,-0.02567649,-0.04227471,-0.04229000
75241,20150710,PXD,-0.03029000,0.01200000,-0.04229000,-0.01249614,0.01243242,-0.02308427,0.00454400
75241,20150713,PXD,0.01554400,0.01100000,0.00454400,-0.03905159,-0.00457697,-0.02655852,-0.00055800
75241,20150714,PXD,0.00344200,0.00400000,-0.00055800,-0.02801031,-0.04500974,-0.06391007,-0.03140400
75241,20150715,PXD,-0.03240400,-0.00100000,-0.03140400,-0.05847500,-0.09635659,-0.06608588,-0.02693200
75241,20150716,PXD,-0.01893200,0.00800000,-0.02693200,-0.07120173,-0.06852980,-0.09295613,-0.01414700
75241,20150717,PXD,-0.01314700,0.00100000,-0.01414700,-0.07050892,-0.10084968,-0.09090030,-0.03060400
75241,20150720,PXD,-0.02960400,0.00100000,-0.03060400,-0.04788958,-0.10305922,-0.10840140,-0.00386800
75241,20150721,PXD,-0.00786800,-0.00400000,-0.00386800,-0.02117813,-0.06113807,-0.10530160,0.01349100
75241,20150722,PXD,0.01149100,-0.00200000,0.01349100,0.02175060,-0.02300329,-0.11697330,0.01224000
75241,20150723,PXD,0.00624000,-0.00600000,0.01224000,0.01833446,-0.01593637,-0.08224601,-0.00704700
75241,20150724,PXD,-0.01804700,-0.01100000,-0.00704700,-0.00588757,0.00339869,-0.09485629,-0.01100300
75241,20150727,PXD,-0.01700300,-0.00600000,-0.01100300,0.01324663,0.03914058,-0.06640943,0.03239500
75241,20150728,PXD,0.04439500,0.01200000,0.03239500,0.04411050,0.04866413,-0.01500039,0.02265300
75241,20150729,PXD,0.02965300,0.00700000,0.02265300,0.05117353,0.03124657,0.00717068,-0.00474900
75241,20150730,PXD,-0.00474900,0.00000000,-0.00474900,-0.00522299,0.01545028,-0.00124426,-0.02239600
75241,20150731,PXD,-0.02439600,-0.00200000,-0.02239600,-0.04977073,0.00247770,0.00586129,-0.02350500
75241,20150803,PXD,-0.02650500,-0.00300000,-0.02350500,-0.03234266,-0.01550446,0.02323083,0.01350600
75241,20150804,PXD,0.01150600,-0.00200000,0.01350600,-0.00722143,-0.03398667,0.01297084,0.00316800
75241,20150805,PXD,0.00616800,0.00300000,0.00316800,0.04639408,-0.00088036,0.02996298,0.02925800
75241,20150806,PXD,0.02125800,-0.00800000,0.02925800,0.00520486,-0.00510222,0.01001311,-0.02654700
75241,20150807,PXD,-0.02954700,-0.00300000,-0.02654700,0.01061895,0.02758979,0.03052908,0.00861000
75241,20150810,PXD,0.02161000,0.01300000,0.00861000,-0.00258943,0.02991581,0.01402657,0.01589800
75241,20150811,PXD,0.00589800,-0.01000000,0.01589800,0.04384567,0.04552162,0.01004837,0.01854300
75241,20150812,PXD,0.01954300,0.00100000,0.01854300,0.00874305,-0.00968300,-0.01043878,-0.02514600
75241,20150813,PXD,-0.02614600,-0.00100000,-0.02514600,-0.00665686,0.01802367,0.01256074,0.00048800
75241,20150814,PXD,0.00448800,0.00400000,0.00048800,-0.03323647,0.00075730,0.02834060,-0.00852700
75241,20150817,PXD,-0.00352700,0.00500000,-0.00852700,0.00999046,0.00276379,0.03292727,0.01802400
75241,20150818,PXD,0.01502400,-0.00300000,0.01802400,-0.01411350,-0.03842809,0.00547984,-0.02323100
75241,20150819,PXD,-0.03123100,-0.00800000,-0.02323100,-0.00074156,-0.00856069,-0.01793677,0.00492100
75241,20150820,PXD,-0.01607900,-0.02100000,0.00492100,-0.01828414,-0.00960107,0.00713734,-0.00092700
75241,20150821,PXD,-0.03292700,-0.03200000,-0.00092700,-0.02174441,-0.02657305,-0.02588260,-0.02674200
75241,20150824,PXD,-0.06574200,-0.03900000,-0.02674200,-0.04535484,-0.05971971,-0.05778067,-0.02100400
75241,20150825,PXD,-0.03500400,-0.01400000,-0.02100400,-0.06932630,-0.06217381,-0.09544754,-0.02389400
75241,20150826,PXD,0.01510600,0.03900000,-0.02389400,-0.01079822,-0.03782043,-0.04498044,0.03589300
75241,20150827,PXD,0.05989300,0.02400000,0.03589300,0.06582745,0.01036684,-0.00002321,0.05004900
75241,20150828,PXD,0.05104900,0.00100000,0.05004900,0.11361825,0.06566146,0.02971669,0.02276000
75241,20150831,PXD,0.01476000,-0.00800000,0.02276000,0.03532415,0.04953264,-0.02003534,-0.03379000
75241,20150901,PXD,-0.06379000,-0.03000000,-0.03379000,-0.00297957,0.08383753,0.01057948,0.00994900
75241,20150902,PXD,0.02794900,0.01800000,0.00994900,-0.02046466,0.05089371,0.01061921,0.00482600
75241,20150903,PXD,0.00582600,0.00100000,0.00482600,0.02378219,0.01033661,0.02055084,0.00878800
75241,20150904,PXD,-0.00621200,-0.01500000,0.00878800,0.01697636,-0.00901306,0.05554697,0.00304500
75241,20150908,PXD,0.02804500,0.02500000,0.00304500,0.00308216,0.01803923,0.06962690,-0.00859700
75241,20150909,PXD,-0.02259700,-0.01400000,-0.00859700,0.00862461,0.02242717,0.10835937,0.01442000
75241,20150910,PXD,0.01942000,0.00500000,0.01442000,-0.02233902,-0.01085045,0.03991902,-0.02791600
75241,20150911,PXD,-0.02391600,0.00400000,-0.02791600,-0.02137728,-0.02734495,-0.01619451,-0.00749000
75241,20150914,PXD,-0.01149000,-0.00400000,-0.00749000,-0.04564106,-0.03995104,-0.04855678,-0.01043600
75241,20150915,PXD,0.00256400,0.01300000,-0.01043600,0.02404687,0.00969517,0.02853999,0.04249200
75241,20150916,PXD,0.05149200,0.00900000,0.04249200,0.03941100,0.00224234,0.02514997,0.00705400
75241,20150917,PXD,0.00405400,-0.00300000,0.00705400,0.04908234,0.03092052,0.01988649,0.00009200
75241,20150918,PXD,-0.01590800,-0.01600000,0.00009200,0.01793849,0.05053105,0.02238483,0.01100100
75241,20150921,PXD,0.01600100,0.00500000,0.01100100,0.01527567,0.06476677,0.02315770,0.00448900
75241,20150922,PXD,-0.00751100,-0.01200000,0.00448900,0.00157923,0.00853023,0.01827044,-0.01370500
75241,20150923,PXD,-0.01570500,-0.00200000,-0.01370500,0.01176511,0.02249673,0.02515533,0.02135300
75241,20150924,PXD,0.01835300,-0.00300000,0.02135300,0.00051866,0.01587575,0.04689544,-0.00681900
75241,20150925,PXD,-0.00681900,-0.00000000,-0.00681900,-0.00307174,-0.01185901,0.03583351,-0.01691300
75241,20150928,PXD,-0.04291300,-0.02600000,-0.01691300,-0.01304379,-0.00590485,0.05664432,0.01096100
75241,20150929,PXD,0.01196100,0.00100000,0.01096100,0.00111975,0.01544770,0.02359897,0.00793100
75241,20150930,PXD,0.02693100,0.01900000,0.00793100,0.02766362,0.00233951,0.02472222,0.00811200
75241,20151001,PXD,0.01011200,0.00200000,0.00811200,0.08100337,0.07178771,0.08808994,0.06217800
75241,20151002,PXD,0.07617800,0.01400000,0.06217800,0.06326655,0.08560126,0.06843706,-0.00832000
75241,20151005,PXD,0.00968000,0.01800000,-0.00832000,0.07930787,0.09900244,0.08925954,0.02317500
75241,20151006,PXD,0.01917500,-0.00400000,0.02317500,0.00715252,0.08037301,0.09689371,-0.00785300
75241,20151007,PXD,0.00014700,0.00800000,-0.00785300,0.02459663,0.08177657,0.08404508,0.00892900
75241,20151008,PXD,0.01792900,0.00900000,0.00892900,-0.01154837,0.00350233,0.07789099,-0.01233300
75241,20151009,PXD,-0.01133300,0.00100000,-0.01233300,-0.02637642,-0.01136007,0.07393034,-0.02261200
75241,20151012,PXD,-0.02161200,0.00100000,-0.02261200,-0.04291821,-0.04269254,0.05114457,-0.00874600
75241,20151013,PXD,-0.01574600,-0.00700000,-0.00874600,-0.01618363,-0.01986360,0.05806311,0.01523600
75241,20151014,PXD,0.01023600,-0.00500000,0.01523600,0.01639924,-0.01893724,0.06082336,0.01006800
75241,20151015,PXD,0.02506800,0.01500000,0.01006800,0.05083895,0.01748194,0.02164071,0.02421400
75241,20151016,PXD,0.02921400,0.00500000,0.02421400,-0.01857302,-0.01204746,-0.02354116,-0.05072200
75241,20151019,PXD,-0.05072200,0.00000000,-0.05072200,-0.00553253,0.02000882,-0.02389434,0.02295700
75241,20151020,PXD,0.02195700,-0.00100000,0.02295700,-0.03504908,-0.00228222,-0.02235508,-0.00653900
75241,20151021,PXD,-0.01253900,-0.00600000,-0.00653900,0.01596696,-0.01266662,-0.03170844,-0.00044000
75241,20151022,PXD,0.01656000,0.01700000,-0.00044000,-0.01453763,-0.04361779,-0.02691856,-0.00734700
75241,20151023,PXD,0.00365300,0.01100000,-0.00734700,-0.02598207,-0.00966129,-0.02189674,-0.01772500
75241,20151026,PXD,-0.01972500,-0.00200000,-0.01772500,-0.04064971,-0.04793157,-0.02921248,-0.01585900
75241,20151027,PXD,-0.01885900,-0.00300000,-0.01585900,-0.00490730,-0.01297525,-0.01547640,0.02985000
75241,20151028,PXD,0.04185000,0.01200000,0.02985000,0.01591078,-0.00969337,-0.02261028,0.00261500
75241,20151029,PXD,0.00261500,-0.00000000,0.00261500,0.03089903,-0.00373028,-0.04734706,-0.00144800
75241,20151030,PXD,-0.00644800,-0.00500000,-0.00144800,-0.00018483,0.01314069,0.00344725,-0.00135400
75241,20151102,PXD,0.01064600,0.01200000,-0.00135400,0.06067606,0.09627954,0.04430326,0.06323400
75241,20151103,PXD,0.06623400,0.00300000,0.06323400,0.04575480,0.04674141,0.03473417,-0.01535300
75241,20151104,PXD,-0.01935300,-0.00400000,-0.01535300,0.05121751,0.04862406,0.03928804,0.00445000
75241,20151105,PXD,0.00345000,-0.00100000,0.00445000,-0.01990576,0.04078647,0.03694482,-0.00907700
75241,20151106,PXD,-0.00907700,-0.00000000,-0.00907700,0.01747652,0.06437236,0.07922916,0.02221400
75241,20151109,PXD,0.01221400,-0.01000000,0.02221400,0.01792279,0.00675087,0.10258013,0.00485600
75241,20151110,PXD,0.00685600,0.00200000,0.00485600,-0.01259875,-0.01713455,0.02814432,-0.03894500
75241,20151111,PXD,-0.04194500,-0.00300000,-0.03894500,-0.02511511,-0.01236034,0.03439403,0.00909600
75241,20151112,PXD,-0.00490400,-0.01400000,0.00909600,-0.01260724,0.01357030,0.05359475,0.01757100
75241,20151113,PXD,0.00657100,-0.01100000,0.01757100,0.03218067,-0.00297710,0.06051742,0.00529400
75241,20151116,PXD,0.02029400,0.01500000,0.00529400,0.01366820,-0.01673861,-0.00997923,-0.00922300
75241,20151117,PXD,-0.01022300,-0.00100000,-0.00922300,-0.00608301,0.02118783,0.00335727,-0.00187700
75241,20151118,PXD,0.01412300,0.01600000,-0.00187700,-0.03267649,-0.01007178,-0.02227816,-0.02137900
75241,20151119,PXD,-0.02237900,-0.00100000,-0.02137900,-0.02684270,-0.03130744,-0.01659660,-0.00322000
75241,20151120,PXD,0.00078000,0.00400000,-0.00322000,-0.00705031,-0.01832760,-0.02109523,0.01792500
75241,20151123,PXD,0.01692500,-0.00100000,0.01792500,0.04447767,0.02044608,0.00275666,0.02922300
75241,20151124,PXD,0.03022300,0.00100000,0.02922300,0.03802932,0.01259487,0.03417111,-0.00919300
75241,20151125,PXD,-0.00919300,-0.00000000,-0.00919300,0.00517203,0.02001533,0.01004900,-0.01430300
75241,20151127,PXD,-0.01330300,0.00100000,-0.01430300,-0.01755726,0.02907555,-0.00204868,0.00583000
75241,20151130,PXD,0.00083000,-0.00500000,0.00583000,0.01126489,0.03138808,0.01287318,0.02008800
75241,20151201,PXD,0.03108800,0.01100000,0.02008800,-0.00048002,-0.02372333,-0.00429841,-0.02538200
75241,20151202,PXD,-0.03638200,-0.01100000,-0.02538200,0.01708946,0.00851681,0.02101690,0.02345600
75241,20151203,PXD,0.00945600,-0.01400000,0.02345600,-0.01673806,0.00861252,0.02887437,-0.01466300
75241,20151204,PXD,0.00633700,0.02100000,-0.01466300,-0.04353310,-0.04955538,-0.02173560,-0.05179500
75241,20151207,PXD,-0.05879500,-0.00700000,-0.05179500,-0.04103851,-0.04236226,-0.01318302,0.02665300
75241,20151208,PXD,0.02065300,-0.00600000,0.02665300,0.00032091,0.00928223,-0.01436064,0.02759400
75241,20151209,PXD,0.01959400,-0.00800000,0.02759400,0.06928513,-0.00025989,0.00827394,0.01400300
75241,20151210,PXD,0.01600300,0.00200000,0.01400300,0.02233748,-0.00428252,0.00396318,-0.01814100
75241,20151211,PXD,-0.03714100,-0.01900000,-0.01814100,-0.00178208,0.05208714,0.00121030,0.00300100
75241,20151214,PXD,0.00800100,0.00500000,0.00300100,-0.00232013,0.03938686,-0.00493239,0.01359100
75241,20151215,PXD,0.02459100,0.01100000,0.01359100,-0.07122680,-0.07452015,-0.06473748,-0.08541100
75241,20151216,PXD,-0.07041100,0.01500000,-0.08541100,-0.08589075,-0.09886987,-0.09927194,-0.01394300
75241,20151217,PXD,-0.02894300,-0.01500000,-0.01394300,-0.14293562,-0.13119354,-0.12997907,-0.05272300
75241,20151218,PXD,-0.07072300,-0.01800000,-0.05272300,-0.11407089,-0.18052083,-0.13313287,-0.05392700
75241,20151221,PXD,-0.04592700,0.00800000,-0.05392700,-0.10572988,-0.19241179,-0.15888180,-0.00174000
75241,20151222,PXD,0.00726000,0.00900000,-0.00174000,0.00832209,-0.05927912,-0.12986662,0.06770800
75241,20151223,PXD,0.07970800,0.01200000,0.06770800,0.06139447,-0.05079436,-0.14532869,-0.00451600
75241,20151224,PXD,-0.00651600,-0.00200000,-0.00451600,0.03520089,-0.02269049,-0.15415273,-0.02551600
75241,20151228,PXD,-0.02751600,-0.00200000,-0.02551600,-0.01792677,0.04740494,-0.14674224,0.01268800
75241,20151229,PXD,0.02368800,0.01100000,0.01268800,-0.00631540,0.05604235,-0.14952615,0.00708000
75241,20151230,PXD,0.00008000,-0.00700000,0.00708000,0.03636691,0.00543169,-0.05365466,0.01631100
75241,20151231,PXD,0.00731100,-0.00900000,0.01631100,0.02981379,0.01663545,-0.03374145,0.00678500
75241,20160104,PXD,-0.00821500,-0.01500000,0.00678500,0.02753625,0.04760272,0.02544012,0.00459400
75241,20160105,PXD,0.00659400,0.00200000,0.00459400,-0.04775590,-0.02538359,0.01813997,-0.05906200
75241,20160106,PXD,-0.07206200,-0.01300000,-0.05906200,-0.02901011,-0.00687730,0.04545865,0.02632500
75241,20160107,PXD,0.00232500,-0.02400000,0.02632500,-0.02725383,-0.01639030,-0.01122295,0.00601800
75241,20160108,PXD,-0.00498200,-0.01100000,0.00601800,0.01104181,-0.04274894,-0.02662337,-0.02111400
75241,20160111,PXD,-0.02011400,0.00100000,-0.02111400,-0.02522432,-0.05660808,-0.01251917,-0.01037900
75241,20160112,PXD,-0.00237900,0.00800000,-0.01037900,0.00205972,0.03360162,0.00725356,0.03347800
75241,20160113,PXD,0.00847800,-0.02500000,0.03347800,0.02207694,0.00654762,-0.00068094,-0.00158800
75241,20160114,PXD,0.01541200,0.01700000,-0.00158800,0.02935721,-0.00180380,-0.01770439,-0.00231900
75241,20160115,PXD,-0.02431900,-0.02200000,-0.00231900,-0.01821275,0.00485343,-0.03739933,-0.01443500
75241,20160119,PXD,-0.01343500,0.00100000,-0.01443500,-0.02690647,0.00382967,-0.05082709,-0.01111400
75241,20160120,PXD,-0.02311400,-0.01200000,-0.01111400,-0.00577677,-0.00960721,0.02377235,0.02031200
75241,20160121,PXD,0.02531200,0.00500000,0.02031200,0.00404461,-0.01272204,-0.00617976,-0.00479400
75241,20160122,PXD,0.01520600,0.02000000,-0.00479400,-0.02052879,-0.04523081,-0.04597603,-0.03466100
75241,20160125,PXD,-0.05066100,-0.01600000,-0.03466100,-0.00216762,0.00665556,0.01144935,0.03973600
75241,20160126,PXD,0.05373600,0.01400000,0.03973600,0.01672414,0.03300246,0.03565241,0.01417100
75241,20160127,PXD,0.00317100,-0.01100000,0.01417100,0.10491993,0.06086007,0.04985302,0.04764400
75241,20160128,PXD,0.05364400,0.00600000,0.04764400,0.07187945,0.07453237,0.06000604,0.00783100
75241,20160129,PXD,0.03283100,0.02500000,0.00783100,0.04251243,0.10085949,0.04928204,-0.01339200
75241,20160201,PXD,-0.01339200,-0.00000000,-0.01339200,0.00705770,0.06985366,0.07771370,0.01270300
75241,20160202,PXD,-0.00629700,-0.01900000,0.01270300,0.04128367,0.10120781,0.13926964,0.04272900
75241,20160203,PXD,0.04772900,0.00500000,0.04272900,0.03011347,0.02475769,0.08820109,-0.02422700
75241,20160204,PXD,-0.02222700,0.00200000,-0.02422700,-0.01126571,-0.01164277,0.05958874,-0.02770600
75241,20160205,PXD,-0.04570600,-0.01800000,-0.02770600,-0.06545911,-0.01457145,0.07993569,-0.01638700
75241,20160208,PXD,-0.03038700,-0.01400000,-0.01638700,-0.07331558,-0.05824660,0.00570152,-0.03285700
75241,20160209,PXD,-0.03385700,-0.00100000,-0.03285700,-0.06927309,-0.11475606,-0.03018459,-0.02246400
75241,20160210,PXD,-0.02246400,-0.00000000,-0.02246400,-0.02555739,-0.06604632,-0.04485158,0.03001600
75241,20160211,PXD,0.01801600,-0.01200000,0.03001600,0.02881037,-0.02161432,-0.03227358,0.02162500
75241,20160212,PXD,0.04162500,0.02000000,0.02162500,0.03632617,-0.02161065,-0.03527521,-0.01622000
75241,20160216,PXD,0.00078000,0.01700000,-0.01622000,0.07066709,0.07785699,0.01065121,0.06282200
75241,20160217,PXD,0.07882200,0.01600000,0.06282200,0.02390551,0.07945937,-0.05100185,-0.02061200
75241,20160218,PXD,-0.02561200,-0.00500000,-0.02061200,0.05438969,0.06185106,-0.01423608,0.01343100
75241,20160219,PXD,0.01343100,-0.00000000,0.01343100,-0.00523687,0.04115171,0.01742719,0.00242400
75241,20160222,PXD,0.01642400,0.01400000,0.00242400,-0.01658234,0.02291376,0.00107880,-0.03151700
75241,20160223,PXD,-0.04351700,-0.01200000,-0.03151700,-0.03559828,-0.04272139,0.03010854,-0.00600700
75241,20160224,PXD,-0.00200700,0.00400000,-0.00600700,-0.03902075,-0.02407286,0.05394821,-0.00127900
75241,20160225,PXD,0.00972100,0.01100000,-0.00127900,0.01876657,-0.01178082,0.04968795,0.02590200
75241,20160226,PXD,0.02390200,-0.00200000,0.02590200,0.00914985,-0.02868836,0.00976935,-0.01502000
75241,20160229,PXD,-0.02302000,-0.00800000,-0.01502000,0.04938221,0.04231147,0.06740029,0.03880600
75241,20160301,PXD,0.06280600,0.02400000,0.03880600,0.04400177,0.07086321,0.02393174,0.02059000
75241,20160302,PXD,0.02459000,0.00400000,0.02059000,0.03303571,0.04368411,0.01879531,-0.02570500
75241,20160303,PXD,-0.02270500,0.00300000,-0.02570500,-0.00456883,0.01801422,0.00598275,0.00113200
75241,20160304,PXD,0.00413200,0.00300000,0.00113200,-0.01166254,0.04857145,0.01712948,0.01328600
75241,20160307,PXD,0.01428600,0.00100000,0.01328600,-0.01338470,-0.01904772,0.02190159,-0.02719700
75241,20160308,PXD,-0.03819700,-0.01100000,-0.02719700,0.00412956,-0.02049848,0.04838214,0.01911500
75241,20160309,PXD,0.02411500,0.00500000,0.01911500,-0.00274763,0.01158800,0.05592964,0.00629500
75241,20160310,PXD,0.00629500,0.00000000,0.00629500,0.06956962,0.05311797,0.07366572,0.04230600
75241,20160311,PXD,0.05830600,0.01600000,0.04230600,0.03716170,0.02752193,0.07883120,-0.01104000
75241,20160314,PXD,-0.01204000,-0.00100000,-0.01104000,0.03415415,0.06109083,0.04053147,0.00347700
75241,20160315,PXD,0.00147700,-0.00200000,0.00347700,0.00022665,0.04935544,0.02750041,0.00793900
75241,20160316,PXD,0.01393900,0.00600000,0.00793900,0.03965223,0.07237572,0.08495535,0.02769600
75241,20160317,PXD,0.03469600,0.00700000,0.02769600,0.03814617,0.03003010,0.08581531,0.00183500
75241,20160318,PXD,0.00583500,0.00400000,0.00183500,0.02142081,0.03333785,0.06251437,-0.00798900
75241,20160321,PXD,-0.00698900,0.00100000,-0.00798900,-0.01840992,0.01690671,0.08037926,-0.01223200
75241,20160322,PXD,-0.01323200,-0.00100000,-0.01223200,-0.03810018,-0.01012482,0.03878306,-0.01846500
75241,20160323,PXD,-0.02446500,-0.00600000,-0.01846500,-0.01334661,-0.01948604,0.05082296,0.01769400
75241,20160324,PXD,0.01769400,-0.00000000,0.01769400,-0.01453744,-0.03427164,-0.00590242,-0.01342900
75241,20160328,PXD,-0.01242900,0.00100000,-0.01342900,0.01272985,-0.01842930,0.01409609,0.00860500
75241,20160329,PXD,0.01760500,0.00900000,0.00860500,-0.00499563,-0.00618048,0.01065074,0.00007600
75241,20160330,PXD,0.00407600,0.00400000,0.00007600,0.01314395,0.01729983,0.00696397,0.00435000
75241,20160331,PXD,0.00235000,-0.00200000,0.00435000,-0.00857624,-0.01371104,-0.03325470,-0.01296300
75241,20160401,PXD,-0.00696300,0.00600000,-0.01296300,-0.01500677,-0.00660789,-0.04110063,-0.00644500
75241,20160404,PXD,-0.00944500,-0.00300000,-0.00644500,0.00917955,0.01365089,-0.00489634,0.02878100
75241,20160405,PXD,0.01878100,-0.01000000,0.02878100,0.02479388,0.01607983,0.00991649,0.00240000
75241,20160406,PXD,0.01340000,0.01100000,0.00240000,0.03524630,0.01556092,0.03317564,0.00395400
75241,20160407,PXD,-0.00804600,-0.01200000,0.00395400,0.02458113,0.04697608,0.03362348,0.01808900
75241,20160408,PXD,0.02108900,0.00300000,0.01808900,0.00934979,0.04081675,0.03458514,-0.01233500
75241,20160411,PXD,-0.01533500,-0.00300000,-0.01233500,0.02971780,0.03631559,0.05039888,0.02409300
75241,20160412,PXD,0.03409300,0.01000000,0.02409300,-0.00405448,0.01817596,0.03470821,-0.01515600
75241,20160413,PXD,-0.00515600,0.01000000,-0.01515600,0.02977658,0.03548715,0.05162292,0.02052500
75241,20160414,PXD,0.02052500,0.00000000,0.02052500,-0.03124080,-0.02044399,0.02655192,-0.03595000
75241,20160415,PXD,-0.03695000,-0.00100000,-0.03595000,-0.00135589,0.00731830,0.04942226,0.01520200
75241,20160418,PXD,0.02220200,0.00700000,0.01520200,0.00776022,0.01318927,0.05079420,0.02985100
75241,20160419,PXD,0.03285100,0.00300000,0.02985100,0.06251278,0.04507665,0.06460789,0.01582300
75241,20160420,PXD,0.01682300,0.00100000,0.01582300,0.02341470,0.00151078,0.03725827,-0.02149800
75241,20160421,PXD,-0.02649800,-0.00500000,-0.02149800,0.01044484,0.05660556,0.03578913,0.01673000
75241,20160422,PXD,0.01673000,0.00000000,0.01673000,-0.00095974,0.04489257,0.05369414,0.00428500
75241,20160425,PXD,0.00228500,-0.00200000,0.00428500,0.09779326,0.09068775,0.10675249,0.07526401
75241,20160426,PXD,0.07726400,0.00200000,0.07526401,0.09966846,0.09342892,0.14351734,0.01831900
75241,20160427,PXD,0.02031900,0.00200000,0.01831900,0.07988486,0.10235414,0.10451763,-0.01310800
75241,20160428,PXD,-0.02210800,-0.00900000,-0.01310800,0.01645768,0.09654389,0.15851279,0.01172800
75241,20160429,PXD,0.00672800,-0.00500000,0.01172800,-0.01236629,0.08097924,0.12916935,-0.01095000
75241,20160502,PXD,-0.00295000,0.00800000,-0.01095000,-0.02896545,-0.02414983,0.06326188,-0.02964500
75241,20160503,PXD,-0.03864500,-0.00900000,-0.02964500,-0.04549309,-0.04634923,0.04093432,-0.00555700
75241,20160504,PXD,-0.01155700,-0.00600000,-0.00555700,-0.00793930,-0.00718290,0.09325514,0.02827700
75241,20160505,PXD,0.02827700,-0.00000000,0.02827700,0.00458814,-0.03588928,0.05722537,-0.01758400
75241,20160506,PXD,-0.01458400,0.00300000,-0.01758400,0.01226368,-0.02329525,0.05495518,0.00194700
75241,20160509,PXD,0.00294700,0.00100000,0.00194700,-0.01926511,0.00317175,-0.02133645,-0.00343400
75241,20160510,PXD,0.00856600,0.01200000,-0.00343400,0.02646646,0.03712820,-0.01199171,0.02760700
75241,20160511,PXD,0.01760700,-0.01000000,0.02760700,0.04251430,0.02630517,0.01857456,0.01760700
75241,20160512,PXD,0.01760700,-0.00000000,0.01760700,0.03211733,0.03104054,-0.00590510,-0.01259500
75241,20160513,PXD,-0.02059500,-0.00800000,-0.01259500,0.01056910,0.03533809,0.01074221,0.00589300
75241,20160516,PXD,0.01589300,0.01000000,0.00589300,-0.00194378,0.04318802,0.04687267,0.00496800
75241,20160517,PXD,-0.00403200,-0.00900000,0.00496800,-0.00237774,0.00228382,0.03924676,-0.01311000
75241,20160518,PXD,-0.01311000,0.00000000,-0.01311000,-0.00719375,-0.01401680,0.01154592,0.00087800
75241,20160519,PXD,-0.00312200,-0.00400000,0.00087800,-0.00910525,0.00169575,0.03286985,0.00321100
75241,20160520,PXD,0.00921100,0.00600000,0.00321100,-0.00444130,-0.01245431,0.02207728,-0.00846600
75241,20160523,PXD,-0.01046600,-0.00200000,-0.00846600,-0.01724634,-0.02937809,0.01364476,-0.01184800
75241,20160524,PXD,0.00215200,0.01400000,-0.01184800,-0.03037432,-0.02639639,-0.02393739,-0.01000700
75241,20160525,PXD,-0.00300700,0.00700000,-0.01000700,-0.02306656,-0.02848755,-0.04214252,-0.00110800
75241,20160526,PXD,-0.00110800,-0.00000000,-0.00110800,-0.01937310,-0.03974417,-0.03819137,-0.00825100
75241,20160527,PXD,-0.00425100,0.00400000,-0.00825100,-0.01628952,-0.03830081,-0.05023320,-0.00698200
75241,20160531,PXD,-0.00798200,-0.00100000,-0.00698200,-0.02137419,-0.03244237,-0.06164459,-0.00624000
75241,20160601,PXD,-0.00524000,0.00100000,-0.00624000,-0.01667466,-0.02596767,-0.05241080,-0.00350200
75241,20160602,PXD,-0.00050200,0.00300000,-0.00350200,-0.00454707,-0.01970171,-0.04823756,0.00519600
75241,20160603,PXD,0.00219600,-0.00300000,0.00519600,0.00384998,-0.00944581,-0.04923140,0.00213600
75241,20160606,PXD,0.00713600,0.00500000,0.00213600,0.03584567,0.02586838,-0.01306648,0.02821200
75241,20160607,PXD,0.02921200,0.00100000,0.02821200,0.03698576,0.03876559,0.00520060,0.00611900
75241,20160608,PXD,0.00911900,0.00300000,0.00611900,0.01857745,0.02612843,-0.00043801,-0.01535500
75241,20160609,PXD,-0.01735500,-0.00200000,-0.01535500,-0.02846063,0.00080548,-0.01886834,-0.01931900
75241,20160610,PXD,-0.02831900,-0.00900000,-0.01931900,-0.01952641,0.01366064,0.00429533,0.01508200
75241,20160613,PXD,0.00708200,-0.00800000,0.01508200,0.01182971,0.00251949,0.02800716,0.01668800
75241,20160614,PXD,0.01468800,-0.00200000,0.01668800,0.03045358,-0.00471379,0.03294216,-0.00131200
75241,20160615,PXD,-0.00331200,-0.00200000,-0.00131200,-0.04902901,-0.05248295,-0.02840311,-0.06367700
75241,20160616,PXD,-0.06067700,0.00300000,-0.06367700,-0.05080013,-0.02011732,-0.01929629,0.01472700
75241,20160617,PXD,0.01172700,-0.00300000,0.01472700,-0.05860624,-0.04385496,-0.03011012,-0.00910800
75241,20160620,PXD,-0.00310800,0.00600000,-0.00910800,0.02277024,-0.04385241,-0.04064000,0.01700700
75241,20160621,PXD,0.02000700,0.00300000,0.01700700,0.02097412,-0.03006764,-0.03398666,0.01295300
75241,20160622,PXD,0.01095300,-0.00200000,0.01295300,0.02912447,0.03505336,-0.02079124,-0.00140900
75241,20160623,PXD,0.01159100,0.01300000,-0.00140900,-0.00075190,0.00685542,-0.01314730,-0.01176100
75241,20160624,PXD,-0.04776100,-0.03600000,-0.01176100,-0.03542573,-0.00758419,-0.04936325,-0.02326300
75241,20160627,PXD,-0.04126300,-0.01800000,-0.02326300,-0.03143665,-0.02087726,-0.06283148,0.00314500
75241,20160628,PXD,0.02114500,0.01800000,0.00314500,-0.02510515,-0.03765983,-0.06664225,-0.00417500
75241,20160629,PXD,0.01282500,0.01700000,-0.00417500,-0.01842398,-0.05219967,-0.02008272,-0.01677000
75241,20160630,PXD,-0.00277000,0.01400000,-0.01677000,-0.02394863,-0.04480064,-0.03728122,-0.00266100
75241,20160701,PXD,-0.00066100,0.00200000,-0.00266100,-0.01003694,-0.01145489,-0.01883072,0.00931600
75241,20160705,PXD,0.00231600,-0.00700000,0.00931600,0.00228758,-0.01890720,-0.03955444,-0.00440600
75241,20160706,PXD,0.00059400,0.00500000,-0.00440600,-0.00940917,-0.02877511,-0.06563198,-0.01430900
75241,20160707,PXD,-0.01530900,-0.00100000,-0.01430900,-0.00413404,0.00265368,-0.05042893,0.01508800
75241,20160708,PXD,0.03008800,0.01500000,0.01508800,-0.00745966,-0.00245072,-0.04789246,-0.00768400
75241,20160711,PXD,-0.00468400,0.00300000,-0.00768400,0.02354570,0.00400877,-0.00764876,0.01587600
75241,20160712,PXD,0.02287600,0.00700000,0.01587600,-0.00715850,-0.00692430,-0.02637314,-0.01495200
75241,20160713,PXD,-0.01495200,0.00000000,-0.01495200,0.00430494,0.01171861,-0.01811380,0.00369200
75241,20160714,PXD,0.00869200,0.00500000,0.00369200,-0.00271725,0.00532974,0.00810919,0.00871700
75241,20160715,PXD,0.00771700,-0.00100000,0.00871700,0.01144592,0.01211821,0.00978707,-0.00104300
75241,20160718,PXD,0.00095700,0.00200000,-0.00104300,-0.00385550,-0.01522076,-0.01169844,-0.01143200
75241,20160719,PXD,-0.01243200,-0.00100000,-0.01143200,-0.02299815,-0.01083354,-0.01800684,-0.01058500
75241,20160720,PXD,-0.00658500,0.00400000,-0.01058500,-0.02831150,-0.02088167,-0.01004065,-0.00659300
75241,20160721,PXD,-0.01059300,-0.00400000,-0.00659300,-0.01466834,-0.02704692,-0.02220960,0.00255300
75241,20160722,PXD,0.00755300,0.00500000,0.00255300,-0.03079510,-0.05209870,-0.04127975,-0.02679100
75241,20160725,PXD,-0.02979100,-0.00300000,-0.02679100,-0.02267474,-0.03941293,-0.05426071,0.00181400
75241,20160726,PXD,0.00181400,0.00000000,0.00181400,-0.01405967,-0.01809942,-0.02886735,0.01126200
75241,20160727,PXD,0.01026200,-0.00100000,0.01126200,0.05752548,0.03176088,0.01015305,0.04387400
75241,20160728,PXD,0.04587400,0.00200000,0.04387400,0.08734210,0.05978770,0.03148190,0.02992800
75241,20160729,PXD,0.03192800,0.00200000,0.02992800,0.04081599,0.05444355,-0.00054299,-0.03184700
75241,20160801,PXD,-0.03284700,-0.00100000,-0.03184700,0.01795678,0.07430355,0.03226664,0.02094600
75241,20160802,PXD,0.01494600,-0.00600000,0.02094600,0.00733710,0.08287917,0.06302980,0.01912100
75241,20160803,PXD,0.02212100,0.00300000,0.01912100,0.03907935,0.03604564,0.06899470,-0.00128800
75241,20160804,PXD,-0.00128800,0.00000000,-0.00128800,0.04130032,0.02900568,0.09082319,0.02286000
75241,20160805,PXD,0.03186000,0.00900000,0.02286000,0.03823493,0.08040330,0.13965429,0.01623000
75241,20160808,PXD,0.01523000,-0.00100000,0.01623000,0.04357439,0.06242765,0.14193760,0.00380900
75241,20160809,PXD,0.00380900,0.00000000,0.00380900,0.02589029,0.04812571,0.13540386,0.00574400
75241,20160810,PXD,0.00274400,-0.00300000,0.00574400,0.01881831,0.05937637,0.09780231,0.00914700
75241,20160811,PXD,0.01414700,0.00500000,0.00914700,0.02949023,0.05017007,0.08087874,0.01431800
75241,20160812,PXD,0.01331800,-0.00100000,0.01431800,0.03595740,0.04582383,0.13045877,0.01189900
75241,20160815,PXD,0.01489900,0.00300000,0.01189900,0.02924709,0.04464206,0.11028379,0.00287900
75241,20160816,PXD,-0.00212100,-0.00500000,0.00287900,0.02143259,0.04568321,0.09642571,0.00655800
75241,20160817,PXD,0.00855800,0.00200000,0.00655800,0.02758553,0.05476089,0.11799405,0.01802200
75241,20160818,PXD,0.02002200,0.00200000,0.01802200,0.03514911,0.05040284,0.10314984,0.01013500
75241,20160819,PXD,0.00913500,-0.00100000,0.01013500,0.00593783,0.01540485,0.06185792,-0.02173800
75241,20160822,PXD,-0.02273800,-0.00100000,-0.02173800,-0.00902264,0.01546534,0.06096042,0.00285200
75241,20160823,PXD,0.00485200,0.00200000,0.00285200,-0.02298737,0.00456657,0.05033891,-0.00416300
75241,20160824,PXD,-0.00916300,-0.00500000,-0.00416300,-0.00128531,-0.01303194,0.04067410,0.00005900
75241,20160825,PXD,-0.00094100,-0.00100000,0.00005900,-0.00710547,-0.02582021,0.02290348,-0.00304400
75241,20160826,PXD,-0.00504400,-0.00200000,-0.00304400,0.01097178,0.00957592,0.02508358,0.01405300
75241,20160829,PXD,0.01905300,0.00500000,0.01405300,0.01265204,0.00841988,0.02397154,0.00172700
75241,20160830,PXD,-0.00027300,-0.00200000,0.00172700,-0.00349045,-0.00645476,-0.00190743,-0.01888900
75241,20160831,PXD,-0.02088900,-0.00200000,-0.01888900,-0.01076458,-0.00003512,-0.01305312,0.00653400
75241,20160901,PXD,0.00653400,-0.00000000,0.00653400,0.00260086,0.01846590,-0.00808902,0.01536500
75241,20160902,PXD,0.01936500,0.00400000,0.01536500,0.01784077,0.00018267,0.00978877,-0.00414300
75241,20160906,PXD,-0.00114300,0.00300000,-0.00414300,0.03787799,0.02474998,0.03329617,0.02621300
75241,20160907,PXD,0.02621300,-0.00000000,0.02621300,0.01969167,0.04225156,0.03540660,-0.00224800
75241,20160908,PXD,-0.00424800,-0.00200000,-0.00224800,0.01114731,0.02223654,0.02217872,-0.01185100
75241,20160909,PXD,-0.03685100,-0.02500000,-0.01185100,-0.01472797,0.00667104,0.02511999,-0.00054800
75241,20160912,PXD,0.01445200,0.01500000,-0.00054800,-0.03152371,-0.00896054,-0.00881124,-0.01960500
75241,20160913,PXD,-0.03460500,-0.01500000,-0.01960500,-0.02252903,-0.03558201,-0.01258703,-0.00216600
75241,20160914,PXD,-0.00316600,-0.00100000,-0.00216600,-0.01967219,-0.03170051,0.00835793,0.00230800
75241,20160915,PXD,0.01230800,0.01000000,0.00230800,-0.00354036,-0.02399660,-0.00170555,-0.00362000
75241,20160916,PXD,-0.00762000,-0.00400000,-0.00362000,-0.00488181,-0.02650366,-0.01982804,-0.00350000
75241,20160919,PXD,-0.00350000,-0.00000000,-0.00350000,-0.01129513,-0.01128539,-0.01988258,-0.00424900
75241,20160920,PXD,-0.00424900,0.00000000,-0.00424900,0.01886775,0.01757367,-0.01973401,0.02689500
75241,20160921,PXD,0.03789500,0.01100000,0.02689500,-0.00261788,-0.00980318,-0.04144363,-0.02442000
75241,20160922,PXD,-0.01842000,0.00600000,-0.02442000,-0.01221486,-0.01993927,-0.04381477,-0.01365900
75241,20160923,PXD,-0.01965900,-0.00600000,-0.01365900,-0.03394398,-0.01279882,-0.03888316,0.00353100
75241,20160926,PXD,-0.00546900,-0.00900000,0.00353100,-0.02581462,-0.02460392,-0.03582242,-0.01608200
75241,20160927,PXD,-0.01008200,0.00600000,-0.01608200,0.04330350,0.00391657,0.02165905,0.05668600
75241,20160928,PXD,0.06168600,0.00500000,0.05668600,0.06010979,0.04851186,0.03899153,0.01952200
75241,20160929,PXD,0.01052200,-0.00900000,0.01952200,0.07061244,0.05702750,0.03655929,-0.00643600
75241,20160930,PXD,0.00156400,0.00800000,-0.00643600,0.01475435,0.05529607,0.04180414,0.00160000
75241,20161003,PXD,-0.00140000,-0.00300000,0.00160000,-0.01538080,0.06039696,0.03488346,-0.01058900
75241,20161004,PXD,-0.01558900,-0.00500000,-0.01058900,0.00229371,0.01544303,0.01942943,0.01150700
75241,20161005,PXD,0.01550700,0.00400000,0.01150700,0.00538876,0.00058039,0.04930450,0.00469400
75241,20161006,PXD,0.00469400,0.00000000,0.00469400,0.02032646,0.01099055,0.06825476,0.00402000
75241,20161007,PXD,0.00102000,-0.00300000,0.00402000,0.04069495,0.04137945,0.09930309,0.03175100
75241,20161010,PXD,0.03675100,0.00500000,0.03175100,0.04365874,0.06065430,0.12409914,0.00796400
75241,20161011,PXD,-0.00403600,-0.01200000,0.00796400,0.03031743,0.03915666,0.05486554,-0.00905400
75241,20161012,PXD,-0.00805400,0.00100000,-0.00905400,-0.01230988,0.02254742,0.02322300,-0.01140500
75241,20161013,PXD,-0.01440500,-0.00300000,-0.01140500,-0.03177079,0.00674189,0.01765987,-0.01169200
75241,20161014,PXD,-0.01169200,0.00000000,-0.01169200,-0.02873727,-0.02943005,0.01000242,-0.00603400
75241,20161017,PXD,-0.00903400,-0.00300000,-0.00603400,-0.02493140,-0.04477505,0.01349467,-0.00735700
75241,20161018,PXD,-0.00135700,0.00600000,-0.00735700,0.01152031,-0.01182131,0.02705668,0.02516900
75241,20161019,PXD,0.02716900,0.00200000,0.02516900,0.02067086,0.00250088,0.02516444,0.00285200
75241,20161020,PXD,0.00185200,-0.00100000,0.00285200,0.01514103,0.00160980,0.00837483,-0.01256700
75241,20161021,PXD,-0.01256700,-0.00000000,-0.01256700,-0.02356737,-0.00634077,-0.03583113,-0.01393000
75241,20161024,PXD,-0.00893000,0.00500000,-0.01393000,-0.03450937,-0.00741174,-0.05195075,-0.00841000
75241,20161025,PXD,-0.01241000,-0.00400000,-0.00841000,-0.02020724,-0.02971854,-0.04122328,0.00200000
75241,20161026,PXD,0.00000000,-0.00200000,0.00200000,-0.00537856,-0.03141155,-0.02912438,0.00103300
75241,20161027,PXD,-0.00196700,-0.00300000,0.00103300,0.00033020,-0.02170878,-0.02023168,-0.00269300
75241,20161028,PXD,-0.00569300,-0.00300000,-0.00269300,-0.01591790,-0.02209991,-0.02849086,-0.01437000
75241,20161031,PXD,-0.01437000,-0.00000000,-0.01437000,0.00067315,0.00366860,-0.00365247,0.01789300
75241,20161101,PXD,0.01089300,-0.00700000,0.01789300,-0.04308777,-0.04439286,-0.07211222,-0.04660000
75241,20161102,PXD,-0.05360000,-0.00700000,-0.04660000,-0.01478192,-0.03116389,-0.06081662,0.01509400
75241,20161103,PXD,0.01109400,-0.00400000,0.01509400,-0.04153390,-0.03806012,-0.05824485,-0.00989600
75241,20161104,PXD,-0.01189600,-0.00200000,-0.00989600,-0.00320584,-0.03287270,-0.05389104,-0.00838300
75241,20161107,PXD,0.01361700,0.02200000,-0.00838300,-0.01323732,-0.04556766,-0.04133926,0.00522500
75241,20161108,PXD,0.00922500,0.00400000,0.00522500,0.00119713,0.00644302,-0.03974705,0.00425400
75241,20161109,PXD,0.01525400,0.01100000,0.00425400,0.01746296,-0.00122087,-0.03348589,0.00767900
75241,20161110,PXD,0.00967900,0.00200000,0.00767900,-0.02886138,-0.03268196,-0.07031105,-0.03990700
75241,20161111,PXD,-0.04090700,-0.00100000,-0.03990700,-0.02395595,-0.01496042,-0.04789465,0.00894900
75241,20161114,PXD,0.00894900,-0.00000000,0.00894900,-0.00989345,0.00198929,-0.04451358,0.02237300
75241,20161115,PXD,0.02937300,0.00700000,0.02237300,0.03243676,-0.00137366,0.00505629,0.00088100
75241,20161116,PXD,-0.00111900,-0.00200000,0.00088100,0.00283321,-0.02889603,-0.03117248,-0.01995500
75241,20161117,PXD,-0.01495500,0.00500000,-0.01995500,-0.00400504,0.02745649,-0.00532935,0.01524900
75241,20161118,PXD,0.01324900,-0.00200000,0.01524900,0.01586701,0.03978257,0.02464066,0.02083500
75241,20161121,PXD,0.02783500,0.00700000,0.02083500,0.03417259,0.01444333,0.01675703,-0.00227300
75241,20161122,PXD,-0.00027300,0.00200000,-0.00227300,0.03105611,0.02605382,0.02478248,0.01216200
75241,20161123,PXD,0.01316200,0.00100000,0.01216200,-0.01400341,0.02213873,-0.00754551,-0.02362200
75241,20161125,PXD,-0.01962200,0.00400000,-0.02362200,-0.05497669,-0.03795145,-0.01159333,-0.04360600
75241,20161128,PXD,-0.04860600,-0.00500000,-0.04360600,-0.06380314,-0.05474206,-0.01784238,0.00269900
75241,20161129,PXD,0.00369900,0.00100000,0.00269900,0.05741364,0.04538762,0.06091145,0.10301700
75241,20161130,PXD,0.10001700,-0.00300000,0.10301700,0.10158486,0.02889380,0.05589466,-0.00369500
75241,20161201,PXD,-0.00769500,-0.00400000,-0.00369500,0.08690875,0.04219551,0.06553347,-0.01065600
75241,20161202,PXD,-0.01065600,0.00000000,-0.01065600,-0.01658127,0.08799132,0.04749293,-0.00226800
75241,20161205,PXD,0.00373200,0.00600000,-0.00226800,-0.03433915,0.06194599,0.00388985,-0.02148600
75241,20161206,PXD,-0.01848600,0.00300000,-0.02148600,-0.03157339,-0.04558144,-0.00135130,-0.00753400
75241,20161207,PXD,0.00546600,0.01300000,-0.00753400,-0.02465804,-0.03768444,-0.00891672,0.00462100
75241,20161208,PXD,0.00662100,0.00200000,0.00462100,-0.00872274,-0.03293799,0.00950842,-0.00573300
75241,20161209,PXD,0.00026700,0.00600000,-0.00573300,0.01011275,-0.01938429,0.06893945,0.01115700
75241,20161212,PXD,0.01015700,-0.00100000,0.01115700,0.01064316,0.00783447,0.07196832,0.00511900
75241,20161213,PXD,0.01211900,0.00700000,0.00511900,0.00488844,0.00380221,-0.04215471,-0.01113700
75241,20161214,PXD,-0.01913700,-0.00800000,-0.01113700,-0.01093017,-0.00559549,-0.04350390,-0.00474600
75241,20161215,PXD,-0.00074600,0.00400000,-0.00474600,-0.02670702,-0.01099791,-0.04390495,-0.01112300
75241,20161216,PXD,-0.01312300,-0.00200000,-0.01112300,-0.01236427,-0.01849323,-0.03800417,0.00356800
75241,20161219,PXD,0.00556800,0.00200000,0.00356800,-0.01343802,-0.02907100,-0.02225647,-0.00582800
75241,20161220,PXD,-0.00182800,0.00400000,-0.00582800,-0.00480696,-0.02065486,-0.01703109,-0.00252400
75241,20161221,PXD,-0.00452400,-0.00200000,-0.00252400,0.00495718,-0.00270456,-0.00830633,0.01336100
75241,20161222,PXD,0.01136100,-0.00200000,0.01336100,-0.00060854,-0.00288207,-0.01388097,-0.01132400
75241,20161223,PXD,-0.01032400,0.00100000,-0.01132400,-0.00013038,-0.00847357,-0.02689027,-0.00205400
75241,20161227,PXD,-0.00005400,0.00200000,-0.00205400,-0.02241952,-0.01184424,-0.04030872,-0.00924300
75241,20161228,PXD,-0.01724300,-0.00800000,-0.00924300,-0.01214484,-0.01024593,-0.03060576,-0.00088000
75241,20161229,PXD,-0.00088000,-0.00000000,-0.00088000,-0.01368833,-0.02675235,-0.02935709,-0.00369800
75241,20161230,PXD,-0.00869800,-0.00500000,-0.00369800,0.02338653,0.01166859,0.00879664,0.02826400
75241,20170103,PXD,0.03626400,0.00800000,0.02826400,0.00489481,-0.00539241,-0.01384409,-0.01902300
75241,20170104,PXD,-0.01302300,0.00600000,-0.01902300,0.01823185,0.01342746,0.00120898,0.00930800
75241,20170105,PXD,0.00830800,-0.00100000,0.00930800,-0.01721377,0.00682661,-0.00366009,-0.00739300
75241,20170106,PXD,-0.00339300,0.00400000,-0.00739300,-0.00750834,0.00103245,-0.02610610,-0.00934600
75241,20170109,PXD,-0.01334600,-0.00400000,-0.00934600,-0.02384006,-0.03354213,-0.02210375,-0.00728400
75241,20170110,PXD,-0.00728400,0.00000000,-0.00728400,-0.01076730,-0.00893093,-0.01429396,0.00593700
75241,20170111,PXD,0.00893700,0.00300000,0.00593700,-0.00121299,-0.01788698,-0.00482911,0.00019600
75241,20170112,PXD,-0.00180400,-0.00200000,0.00019600,0.00086587,-0.01573422,-0.00921078,-0.00523200
75241,20170113,PXD,-0.00323200,0.00200000,-0.00523200,-0.00722090,-0.00864023,-0.00772919,-0.00222100
75241,20170117,PXD,-0.00522100,-0.00300000,-0.00222100,0.00147221,0.00761160,-0.02621460,0.00899300
75241,20170118,PXD,0.01099300,0.00200000,0.00899300,0.01588199,0.01080108,0.00183979,0.00913600
75241,20170119,PXD,0.00513600,-0.00400000,0.00913600,0.02083428,0.01322111,-0.00488906,0.00254500
75241,20170120,PXD,0.00554500,0.00300000,0.00254500,0.00340762,0.01012080,-0.00570410,-0.00819100
75241,20170123,PXD,-0.01119100,-0.00300000,-0.00819100,-0.02438684,-0.00646086,-0.01508811,-0.01875500
75241,20170124,PXD,-0.01175500,0.00700000,-0.01875500,-0.03742063,-0.02595911,-0.01851305,-0.01065600
75241,20170125,PXD,-0.00265600,0.00800000,-0.01065600,-0.01770408,-0.02338209,-0.01256496,0.01187300
75241,20170126,PXD,0.01087300,-0.00100000,0.01187300,-0.00205656,-0.02896340,-0.01599256,-0.00322500
75241,20170127,PXD,-0.00422500,-0.00100000,-0.00322500,-0.00016680,-0.02936503,-0.01932396,-0.00865900
75241,20170130,PXD,-0.01465900,-0.00600000,-0.00865900,-0.00298765,-0.00182560,-0.00827694,0.00899800
75241,20170131,PXD,0.00799800,-0.00100000,0.00899800,0.00258553,0.01114343,-0.01474944,0.00238600
75241,20170201,PXD,0.00238600,0.00000000,0.00238600,0.02606422,0.01374555,-0.00960151,0.01449900
75241,20170202,PXD,0.01549900,0.00100000,0.01449900,0.01202307,0.01215903,-0.01706281,-0.00492900
75241,20170203,PXD,0.00207100,0.00700000,-0.00492900,-0.00366615,0.00776706,-0.02191847,-0.01301300
75241,20170206,PXD,-0.01501300,-0.00200000,-0.01301300,-0.05137186,-0.03528627,-0.03702131,-0.03385200
75241,20170207,PXD,-0.03385200,0.00000000,-0.03385200,-0.01074700,-0.00135068,0.00986779,0.03746800
75241,20170208,PXD,0.03846800,0.00100000,0.03746800,0.05103447,0.03228753,0.04641636,0.04854600
75241,20170209,PXD,0.05454600,0.00600000,0.04854600,0.10048295,0.04875565,0.06166375,0.01098000
75241,20170210,PXD,0.01498000,0.00400000,0.01098000,0.06946923,0.07204808,0.08085887,0.00826700
75241,20170213,PXD,0.01326700,0.00500000,0.00826700,0.02509824,0.11674189,0.07732449,0.00544000
75241,20170214,PXD,0.00944000,0.00400000,0.00544000,0.00269874,0.06405603,0.06303431,-0.01093300
75241,20170215,PXD,-0.00593300,0.00500000,-0.01093300,-0.02744868,-0.00864807,0.02380844,-0.02181000
75241,20170216,PXD,-0.02281000,-0.00100000,-0.02181000,-0.04069446,-0.02772841,0.02016053,-0.00826300
75241,20170217,PXD,-0.00626300,0.00200000,-0.00826300,-0.02753828,-0.03324131,0.03703602,0.00264600
75241,20170221,PXD,0.00864600,0.00600000,0.00264600,-0.03329665,-0.06517511,0.04393192,-0.02755500
75241,20170222,PXD,-0.02855500,-0.00100000,-0.02755500,-0.04176412,-0.07063346,-0.01242924,-0.01695600
75241,20170223,PXD,-0.01695600,0.00000000,-0.01695600,-0.04285703,-0.04864001,-0.05776861,0.00127100
75241,20170224,PXD,0.00227100,0.00100000,0.00127100,-0.00949557,-0.03450441,-0.06199053,0.00633700
75241,20170227,PXD,0.00733700,0.00100000,0.00633700,0.00657397,-0.03770458,-0.07023248,-0.00101700
75241,20170228,PXD,-0.00401700,-0.00300000,-0.00101700,0.03205309,0.01566949,-0.05120013,0.02659800
75241,20170301,PXD,0.04059800,0.01400000,0.02659800,0.01894041,0.02678360,-0.04606865,-0.00614300
75241,20170302,PXD,-0.01214300,-0.00600000,-0.00614300,0.03522330,0.04067993,-0.00994863,0.01474500
75241,20170303,PXD,0.01574500,0.00100000,0.01474500,0.01052379,0.03616352,0.00056528,0.00212500
75241,20170306,PXD,-0.00087500,-0.00300000,0.00212500,0.01948687,0.03997755,0.00057695,0.00263900
75241,20170307,PXD,-0.00036100,-0.00300000,0.00263900,-0.04315894,-0.03495654,-0.02049141,-0.04796400
75241,20170308,PXD,-0.04996400,-0.00200000,-0.04796400,-0.02826769,-0.01189581,0.01432652,0.01799600
75241,20170309,PXD,0.01899600,0.00100000,0.01799600,-0.04953515,-0.04470912,-0.00631963,-0.01913800
75241,20170310,PXD,-0.01613800,0.00300000,-0.01913800,-0.00313391,-0.04847065,-0.01423613,-0.00167800
75241,20170313,PXD,-0.00167800,0.00000000,-0.00167800,-0.04494398,-0.07442441,-0.03767689,-0.02465600
75241,20170314,PXD,-0.02765600,-0.00300000,-0.02465600,-0.00811551,-0.00959508,-0.04440657,0.01893700
75241,20170315,PXD,0.02693700,0.00800000,0.01893700,-0.00865983,-0.02935639,-0.04079811,-0.00223600
75241,20170316,PXD,-0.00423600,-0.00200000,-0.00223600,0.02558403,-0.00158370,-0.04630344,0.00879900
75241,20170317,PXD,0.00779900,-0.00100000,0.00879900,0.00417764,-0.00223630,-0.05059432,-0.00232900
75241,20170320,PXD,-0.00432900,-0.00200000,-0.00232900,0.00918167,0.02574352,-0.04994802,0.00281500
75241,20170321,PXD,-0.00918500,-0.01200000,0.00281500,-0.00130754,0.00513745,-0.00431709,-0.00183500
75241,20170322,PXD,0.00016500,0.00200000,-0.00183500,-0.00224694,0.00410867,-0.02493341,-0.00327800
75241,20170323,PXD,-0.00427800,-0.00100000,-0.00327800,-0.00762124,-0.00701684,-0.00858106,-0.00252500
75241,20170324,PXD,-0.00352500,-0.00100000,-0.00252500,-0.00758803,-0.00652007,-0.00871248,-0.00181900
75241,20170327,PXD,-0.00281900,-0.00100000,-0.00181900,0.01605439,0.01085115,0.03692983,0.02055000
75241,20170328,PXD,0.02755000,0.00700000,0.02055000,0.03418192,0.02808623,0.03297325,0.01513000
75241,20170329,PXD,0.01613000,0.00100000,0.01513000,0.00071395,-0.00367350,0.00050845,-0.03401100
75241,20170330,PXD,-0.03101100,0.00300000,-0.03401100,0.00285762,0.02162563,0.01409861,0.02255000
75241,20170331,PXD,0.02055000,-0.00200000,0.02255000,-0.01407265,0.02138732,0.01440437,-0.00202700
75241,20170403,PXD,-0.00402700,-0.00200000,-0.00202700,0.03220871,0.01238716,0.02345767,0.01156200
75241,20170404,PXD,0.01256200,0.00100000,0.01156200,0.01511453,0.00290285,0.03100058,0.00560900
75241,20170405,PXD,0.00260900,-0.00300000,0.00560900,0.02674868,0.04762449,0.04421984,0.00936500
75241,20170406,PXD,0.01136500,0.00200000,0.00936500,0.01276092,0.02233654,0.04455892,-0.00220300
75241,20170407,PXD,-0.00320300,-0.00100000,-0.00220300,0.00883546,0.02621099,0.04834196,0.00168700
75241,20170410,PXD,0.00268700,0.00100000,0.00168700,-0.00157163,0.01340111,0.02594270,-0.00104900
75241,20170411,PXD,-0.00204900,-0.00100000,-0.00104900,-0.01143378,-0.00442751,-0.00153292,-0.01205700
75241,20170412,PXD,-0.01605700,-0.00400000,-0.01205700,-0.03154008,-0.03204093,0.01361620,-0.01889600
75241,20170413,PXD,-0.02589600,-0.00700000,-0.01889600,-0.03446509,-0.03385481,-0.01221902,-0.00378200
75241,20170417,PXD,0.00521800,0.00900000,-0.00378200,-0.03247854,-0.04495472,-0.02008051,-0.01000500
75241,20170418,PXD,-0.01300500,-0.00300000,-0.01000500,-0.04241063,-0.07133526,-0.05884157,-0.02883700
75241,20170419,PXD,-0.03083700,-0.00200000,-0.02883700,-0.04979519,-0.07157630,-0.07549342,-0.01154200
75241,20170420,PXD,-0.00354200,0.00800000,-0.01154200,-0.03618419,-0.04976876,-0.07990670,0.00408900
75241,20170421,PXD,0.00108900,-0.00300000,0.00408900,-0.01226095,-0.05079165,-0.08319263,-0.00475800
75241,20170424,PXD,0.00624200,0.01100000,-0.00475800,0.00839974,-0.03270609,-0.07689514,0.00896700
75241,20170425,PXD,0.01496700,0.00600000,0.00896700,-0.00400964,-0.01155952,-0.08356706,-0.00807400
75241,20170426,PXD,-0.00807400,-0.00000000,-0.00807400,-0.02612711,-0.02695244,-0.09780760,-0.02671900
75241,20170427,PXD,-0.02571900,0.00100000,-0.02671900,-0.02905119,-0.02543795,-0.07496717,0.00565500
75241,20170428,PXD,0.00365500,-0.00200000,0.00565500,-0.02631936,-0.02572473,-0.07584728,-0.00523700
75241,20170501,PXD,-0.00323700,0.00200000,-0.00523700,-0.01213562,-0.04634786,-0.07853420,-0.01254100
75241,20170502,PXD,-0.01154100,0.00100000,-0.01254100,-0.01460065,-0.03547553,-0.04742143,0.00317100
75241,20170503,PXD,0.00217100,-0.00100000,0.00317100,-0.04043523,-0.04004112,-0.06654295,-0.03132600
75241,20170504,PXD,-0.03032600,0.00100000,-0.03132600,-0.00886891,-0.02655181,-0.05191881,0.02002900
75241,20170505,PXD,0.02402900,0.00400000,0.02002900,0.00465528,-0.00482955,-0.03059256,0.01680300
75241,20170508,PXD,0.01680300,0.00000000,0.01680300,0.02024830,-0.00862754,-0.05473157,-0.01627900
75241,20170509,PXD,-0.01727900,-0.00100000,-0.01627900,0.00978845,-0.00231000,-0.03788337,0.00956200
75241,20170510,PXD,0.01056200,0.00100000,0.00956200,-0.00495627,0.03200070,-0.00936964,0.00194200
75241,20170511,PXD,-0.00005800,-0.00200000,0.00194200,0.01474652,0.01496839,-0.01179626,0.00321900
75241,20170512,PXD,0.00221900,-0.00100000,0.00321900,0.01307765,0.00607507,0.00123698,0.00787600
75241,20170515,PXD,0.01287600,0.00500000,0.00787600,0.01762129,0.02934605,0.02053608,0.00640700
75241,20170516,PXD,0.00540700,-0.00100000,0.00640700,0.02339881,0.02853555,0.02634174,0.00913200
75241,20170517,PXD,-0.00886800,-0.01800000,0.00913200,0.00873094,0.01982397,0.05214258,-0.00682800
75241,20170518,PXD,-0.00282800,0.00400000,-0.00682800,0.01764029,0.03221870,0.04752477,0.01540200
75241,20170519,PXD,0.02240200,0.00700000,0.01540200,-0.01423537,0.00153648,0.00760447,-0.02232500
75241,20170522,PXD,-0.01732500,0.00500000,-0.02232500,-0.00832820,-0.00579609,0.02336217,-0.00096300
75241,20170523,PXD,0.00103700,0.00200000,-0.00096300,-0.02578244,-0.01772615,0.01118053,-0.00246000
75241,20170524,PXD,-0.00046000,0.00200000,-0.00246000,-0.03648213,-0.04405812,-0.02421801,-0.03302200
75241,20170525,PXD,-0.02902200,0.00400000,-0.03302200,-0.02615273,-0.04918228,-0.01796980,0.00960700
75241,20170526,PXD,0.00960700,0.00000000,0.00960700,-0.05240285,-0.05587078,-0.05423035,-0.02931000
75241,20170530,PXD,-0.03031000,-0.00100000,-0.02931000,-0.00943764,-0.04460063,-0.05015779,0.01078300
75241,20170531,PXD,0.01078300,-0.00000000,0.01078300,-0.02619997,-0.04954344,-0.06758509,-0.00734100
75241,20170601,PXD,0.00065900,0.00800000,-0.00734100,-0.01324320,-0.03319995,-0.07694989,-0.01651700
75241,20170602,PXD,-0.01251700,0.00400000,-0.01651700,-0.01911051,-0.03779272,-0.08610210,0.00482100
75241,20170605,PXD,0.00382100,-0.00100000,0.00482100,0.01043417,0.01400262,-0.04299855,0.02233400
75241,20170606,PXD,0.01933400,-0.00300000,0.02233400,0.00249058,-0.02138926,-0.06558903,-0.02422700
75241,20170607,PXD,-0.02222700,0.00200000,-0.02422700,-0.01156092,-0.02318777,-0.07193638,-0.00927500
75241,20170608,PXD,-0.00927500,0.00000000,-0.00927500,0.00338833,0.03072007,-0.00306155,0.03783500
75241,20170609,PXD,0.03683500,-0.00100000,0.03783500,0.01927584,0.01689970,-0.02124906,-0.00867800
75241,20170612,PXD,-0.00967800,-0.00100000,-0.00867800,0.02956157,-0.00475900,0.00920894,0.00060200
75241,20170613,PXD,0.00560200,0.00500000,0.00060200,-0.03007801,-0.00259401,-0.02399625,-0.02205200
75241,20170614,PXD,-0.02305200,-0.00100000,-0.02205200,-0.06032682,-0.03308694,-0.05557287,-0.03949000
75241,20170615,PXD,-0.04149000,-0.00200000,-0.03949000,-0.05602442,-0.06389390,-0.03491452,0.00487300
75241,20170616,PXD,0.00487300,0.00000000,0.00487300,-0.04280321,-0.06375398,-0.04757120,-0.00800000
75241,20170619,PXD,0.00000000,0.00800000,-0.00800000,-0.00182986,-0.06235831,-0.06712236,0.00126900
75241,20170620,PXD,-0.00573100,-0.00700000,0.00126900,-0.02362257,-0.05757001,-0.06012380,-0.01705200
75241,20170621,PXD,-0.01805200,-0.00100000,-0.01705200,-0.01744975,-0.02063677,-0.05303869,-0.00180600
75241,20170622,PXD,-0.00180600,-0.00000000,-0.00180600,-0.01334957,-0.01995470,-0.08271742,0.00562500
75241,20170623,PXD,0.00762500,0.00200000,0.00562500,-0.00083856,-0.01653657,-0.07901860,-0.00461700
75241,20170626,PXD,-0.00461700,0.00000000,-0.00461700,0.00291483,-0.01585512,-0.07675498,0.00194400
75241,20170627,PXD,-0.00605600,-0.00800000,0.00194400,-0.00265891,0.00113441,-0.05667191,0.00001000
75241,20170628,PXD,0.00901000,0.00900000,0.00001000,0.02908413,0.03013556,0.00900099,0.02705200
75241,20170629,PXD,0.01805200,-0.00900000,0.02705200,0.03250054,0.02950448,0.00914001,0.00500400
75241,20170630,PXD,0.00700400,0.00200000,0.00500400,0.05070790,0.05281645,0.03515705,0.01799000
75241,20170703,PXD,0.01999000,0.00200000,0.01799000,0.00092288,0.02839040,0.01180802,-0.02164300
75241,20170705,PXD,-0.02064300,0.00100000,-0.02164300,-0.01020551,0.02154395,0.02275117,-0.00618100
75241,20170706,PXD,-0.01518100,-0.00900000,-0.00618100,-0.03935152,-0.01733681,0.01244042,-0.01211500
75241,20170707,PXD,-0.00611500,0.00600000,-0.01211500,-0.00383980,-0.00789505,0.02145233,0.01463800
75241,20170710,PXD,0.01563800,0.00100000,0.01463800,0.01559489,-0.01262554,0.03946726,0.01305300
75241,20170711,PXD,0.01205300,-0.00100000,0.01305300,0.01914951,0.00046722,0.02898458,-0.00868400
75241,20170712,PXD,-0.00168400,0.00700000,-0.00868400,0.00575170,0.00824656,0.03018557,0.00137300
75241,20170713,PXD,0.00337300,0.00200000,0.00137300,-0.01056769,0.01741010,-0.00043852,-0.00319500
75241,20170714,PXD,0.00180500,0.00500000,-0.00319500,0.00997900,0.01446852,0.00636984,0.01174400
75241,20170717,PXD,0.01174400,-0.00000000,0.01174400,-0.00071370,-0.00808953,-0.02078659,-0.00916800
75241,20170718,PXD,-0.00816800,0.00100000,-0.00916800,0.01263564,0.01086427,0.01138530,0.01010800
75241,20170719,PXD,0.01510800,0.00500000,0.01010800,-0.00324188,0.00533577,0.01379773,-0.00402600
75241,20170720,PXD,-0.00402600,-0.00000000,-0.00402600,-0.01298803,-0.01054076,0.00664218,-0.01880200
75241,20170721,PXD,-0.01880200,-0.00000000,-0.01880200,-0.02242367,-0.02176577,-0.00782377,0.00031300
75241,20170724,PXD,-0.00068700,-0.00100000,0.00031300,-0.00616224,-0.00019696,-0.00834454,0.01261500
75241,20170725,PXD,0.01561500,0.00300000,0.01261500,0.01292022,-0.01017147,0.00047119,0.00000000
75241,20170726,PXD,0.00000000,0.00000000,0.00000000,0.02173780,0.00280145,0.00818839,0.00899500
75241,20170727,PXD,0.00799500,-0.00100000,0.00899500,-0.00531945,0.00749559,-0.00307911,-0.01419200
75241,20170728,PXD,-0.01519200,-0.00100000,-0.01419200,0.00607195,0.01874392,-0.00333600,0.01147000
75241,20170731,PXD,0.01047000,-0.00100000,0.01147000,-0.00384108,0.00512318,0.00496131,-0.00095800
75241,20170801,PXD,0.00104200,0.00200000,-0.00095800,-0.09845246,-0.10305670,-0.11237554,-0.10773600
75241,20170802,PXD,-0.10773600,0.00000000,-0.10773600,-0.17154808,-0.17359277,-0.17145597,-0.07048801
75241,20170803,PXD,-0.07248800,-0.00200000,-0.07048801,-0.17106309,-0.16250932,-0.15622342,-0.00037200
75241,20170804,PXD,0.00162800,0.00200000,-0.00037200,-0.11210063,-0.20915097,-0.19425115,-0.04411600
75241,20170807,PXD,-0.04211600,0.00200000,-0.04411600,-0.00007124,-0.17081356,-0.16639421,0.04627700
75241,20170808,PXD,0.04427700,-0.00200000,0.04627700,0.01633395,-0.05579910,-0.15304855,0.01602900
75241,20170809,PXD,0.01602900,-0.00000000,0.01602900,0.05932278,0.01306812,-0.16073070,-0.00264900
75241,20170810,PXD,-0.01664900,-0.01400000,-0.00264900,0.00296819,0.00326536,-0.15765583,-0.01016700
75241,20170811,PXD,-0.00916700,0.00100000,-0.01016700,-0.03109831,0.02982172,-0.18437264,-0.01880500
75241,20170814,PXD,-0.00880500,0.01000000,-0.01880500,-0.02254313,-0.00926563,-0.17795937,0.00647400
75241,20170815,PXD,0.00647400,-0.00000000,0.00647400,-0.02884304,-0.04089155,-0.09428880,-0.01648200
75241,20170816,PXD,-0.01548200,0.00100000,-0.01648200,0.00219661,-0.02633895,-0.01333941,0.01226500
75241,20170817,PXD,-0.00273500,-0.01500000,0.01226500,0.00289806,-0.00929877,-0.00596279,0.00718000
75241,20170818,PXD,0.00518000,-0.00200000,0.00718000,-0.01204620,-0.02188315,0.00695100,-0.03139000
75241,20170821,PXD,-0.03039000,0.00100000,-0.03139000,-0.03344123,-0.03703057,-0.04578892,-0.00906200
75241,20170822,PXD,0.00093800,0.01000000,-0.00906200,-0.02495234,-0.00545746,-0.04574085,0.01588500
75241,20170823,PXD,0.01288500,-0.00300000,0.01588500,-0.00128158,-0.02573534,-0.05141916,-0.00802200
75241,20170824,PXD,-0.01002200,-0.00200000,-0.00802200,0.01190672,-0.02881318,-0.03774105,0.00415200
75241,20170825,PXD,0.00615200,0.00200000,0.00415200,-0.00963208,-0.00290022,-0.02482883,-0.00572700
75241,20170828,PXD,-0.00572700,0.00000000,-0.00572700,-0.00650573,0.00122753,-0.03578050,-0.00489200
75241,20170829,PXD,-0.00389200,0.00100000,-0.00489200,-0.00909978,-0.01301519,-0.01831557,0.00156500
75241,20170830,PXD,0.00656500,0.00500000,0.00156500,-0.00277728,-0.00440791,-0.03040919,0.00059900
75241,20170831,PXD,0.00659900,0.00600000,0.00059900,0.00789198,-0.00291883,-0.03207643,0.00563600
75241,20170901,PXD,0.00763600,0.00200000,0.00563600,0.01814201,0.01483259,0.01197541,0.01175100
75241,20170905,PXD,0.00375100,-0.00800000,0.01175100,0.02949047,0.03205056,0.03326288,0.01187100
75241,20170906,PXD,0.01487100,0.00300000,0.01187100,0.01375033,0.02018852,0.00699335,-0.00976900
75241,20170907,PXD,-0.00976900,-0.00000000,-0.00976900,-0.02205371,-0.00483898,-0.00927585,-0.02389000
75241,20170908,PXD,-0.02489000,-0.00100000,-0.02389000,-0.03546264,-0.01218643,-0.01525543,-0.00173900
75241,20170911,PXD,0.00926100,0.01100000,-0.00173900,-0.02713366,-0.02528599,-0.01074079,-0.00122700
75241,20170912,PXD,0.00177300,0.00300000,-0.00122700,0.03950472,0.00422643,0.03689583,0.04202600
75241,20170913,PXD,0.04302600,0.00100000,0.04202600,0.05282540,0.02606154,0.04711584,0.01147900
75241,20170914,PXD,0.01047900,-0.00100000,0.01147900,0.05195678,0.04954234,0.04418620,-0.00200000
75241,20170915,PXD,0.00000000,0.00200000,-0.00200000,0.00899635,0.05035395,0.03772813,-0.00048900
75241,20170918,PXD,0.00051100,0.00100000,-0.00048900,-0.00283672,0.05118307,0.02532352,-0.00034300
75241,20170919,PXD,0.00065700,0.00100000,-0.00034300,0.02869183,0.03850195,0.04344828,0.02949100
75241,20170920,PXD,0.03049100,0.00100000,0.02949100,0.03757423,0.03510497,0.06259037,0.00823800
75241,20170921,PXD,0.00523800,-0.00300000,0.00823800,0.05148313,0.05071138,0.10362975,0.01308400
75241,20170922,PXD,0.01408400,0.00100000,0.01308400,0.04215365,0.07251776,0.12685810,0.02040200
75241,20170925,PXD,0.01840200,-0.00200000,0.02040200,0.04022551,0.07952292,0.13494095,0.00627300
75241,20170926,PXD,0.00627300,0.00000000,0.00627300,0.03668638,0.05883936,0.09984175,0.00955200
75241,20170927,PXD,0.01355200,0.00400000,0.00955200,0.00133712,0.03529684,0.07185160,-0.01430400
75241,20170928,PXD,-0.01330400,0.00100000,-0.01430400,-0.00902431,0.01778415,0.06977034,-0.00406800
75241,20170929,PXD,-0.00006800,0.00400000,-0.00406800,0.00268206,0.01878907,0.09357877,0.02141700
75241,20171002,PXD,0.02541700,0.00400000,0.02141700,0.02697249,0.02198846,0.10439363,0.00936900
75241,20171003,PXD,0.01136900,0.00200000,0.00936900,0.02158909,0.00279644,0.06250949,-0.00916900
75241,20171004,PXD,-0.00816900,0.00100000,-0.00916900,-0.00987923,0.00735802,0.04354785,-0.00995400
75241,20171005,PXD,-0.00395400,0.00600000,-0.00995400,-0.02259959,0.00781591,0.02600799,-0.00356500
75241,20171006,PXD,-0.00456500,-0.00100000,-0.00356500,-0.00825675,-0.00817699,0.01046429,0.00525600
75241,20171009,PXD,0.00325600,-0.00200000,0.00525600,-0.00223837,-0.02128891,0.00004209,-0.00392100
75241,20171010,PXD,-0.00192100,0.00200000,-0.00392100,-0.01169892,-0.02512140,-0.02267843,-0.01301700
75241,20171011,PXD,-0.01101700,0.00200000,-0.01301700,-0.03326173,-0.03154030,-0.02496136,-0.01658900
75241,20171012,PXD,-0.01858900,-0.00200000,-0.01658900,-0.04579488,-0.04452169,-0.03758219,-0.01686400
75241,20171013,PXD,-0.01586400,0.00100000,-0.01686400,-0.03669760,-0.05316124,-0.06126316,-0.00359800
75241,20171016,PXD,-0.00159800,0.00200000,-0.00359800,-0.01009013,-0.03930846,-0.06008137,0.01055300
75241,20171017,PXD,0.01155300,0.00100000,0.01055300,0.00412477,-0.02930513,-0.05397082,-0.00278900
75241,20171018,PXD,-0.00178900,0.00100000,-0.00278900,-0.00694238,-0.02730091,-0.05811060,-0.01454300
75241,20171019,PXD,-0.01454300,0.00000000,-0.01454300,-0.01013380,-0.00325829,-0.04803996,0.00737900
75241,20171020,PXD,0.01237900,0.00500000,0.00737900,-0.00897569,-0.00131324,-0.05456982,-0.00166500
75241,20171023,PXD,-0.00566500,-0.00400000,-0.00166500,-0.00130378,-0.01864012,-0.05744709,-0.00693300
75241,20171024,PXD,-0.00493300,0.00200000,-0.00693300,-0.01089483,-0.01816187,-0.04692966,-0.00240100
75241,20171025,PXD,-0.00740100,-0.00500000,-0.00240100,-0.00924247,-0.00365134,-0.03084261,0.00005500
75241,20171026,PXD,0.00105500,0.00100000,0.00005500,0.01111905,0.00240557,-0.00084519,0.01357300
75241,20171027,PXD,0.02157300,0.00800000,0.01357300,0.02285977,0.01323564,0.01194062,0.00905300
75241,20171030,PXD,0.00605300,-0.00300000,0.00905300,0.04573758,0.04308407,0.02377616,0.02231500
75241,20171031,PXD,0.02331500,0.00100000,0.02231500,0.05909389,0.07407495,0.05425368,0.02673000
75241,20171101,PXD,0.02873000,0.00200000,0.02673000,0.00752739,0.03058521,0.02676135,-0.04007300
75241,20171102,PXD,-0.04007300,0.00000000,-0.04007300,-0.00086371,0.03078057,0.03332732,0.01384700
75241,20171103,PXD,0.01684700,0.00300000,0.01384700,0.02736654,0.07872097,0.09332387,0.05562400
75241,20171106,PXD,0.05662400,0.00100000,0.05562400,0.08983999,0.07416527,0.12084845,0.01807300
75241,20171107,PXD,0.01807300,-0.00000000,0.01807300,0.05974677,0.03136384,0.10841527,-0.01398900
75241,20171108,PXD,-0.01298900,0.00100000,-0.01398900,0.01773996,0.08927066,0.12332996,0.01383900
75241,20171109,PXD,0.00983900,-0.00400000,0.01383900,-0.01294686,0.06049419,0.09322537,-0.01271500
75241,20171110,PXD,-0.01371500,-0.00100000,-0.01271500,-0.01260622,-0.00883357,0.06889348,-0.01364700
75241,20171113,PXD,-0.01264700,0.00100000,-0.01364700,-0.04969371,-0.04980405,0.01999738,-0.02419200
75241,20171114,PXD,-0.02619200,-0.00200000,-0.02419200,-0.03969126,-0.03855387,-0.00896730,-0.00250700
75241,20171115,PXD,-0.00850700,-0.00600000,-0.00250700,-0.03741942,-0.06262571,0.02098778,-0.01110200
75241,20171116,PXD,-0.00310200,0.00800000,-0.01110200,-0.00280630,-0.04016452,0.01789634,0.01081300
75241,20171117,PXD,0.00781300,-0.00300000,0.01081300,-0.00598014,-0.03242065,-0.04085225,-0.00566400
75241,20171120,PXD,-0.00466400,0.00100000,-0.00566400,0.00289639,-0.01073926,-0.06030065,-0.00224800
75241,20171121,PXD,0.00475200,0.00700000,-0.00224800,0.00522068,0.00495386,-0.03431326,0.01315300
75241,20171122,PXD,0.01215300,-0.00100000,0.01315300,0.00909014,0.01427489,-0.04962042,-0.00187000
75241,20171124,PXD,0.00013000,0.00200000,-0.00187000,-0.01183592,-0.01978576,-0.05947695,-0.02284200
75241,20171127,PXD,-0.02284200,-0.00000000,-0.02284200,-0.03142483,-0.02085619,-0.05314414,-0.00661300
75241,20171128,PXD,0.00338700,0.01000000,-0.00661300,-0.02907841,-0.01803608,-0.02882512,0.00046300
75241,20171129,PXD,0.00046300,-0.00000000,0.00046300,0.01817991,-0.00739477,-0.00246669,0.02428400
75241,20171130,PXD,0.03228400,0.00800000,0.02428400,0.03419105,0.00381412,0.01839532,0.00917800
75241,20171201,PXD,0.00717800,-0.00200000,0.00917800,0.02935704,0.02329106,0.00295705,-0.00415400
75241,20171204,PXD,-0.00515400,-0.00100000,-0.00415400,-0.00698473,0.01737541,-0.00354891,-0.01192600
75241,20171205,PXD,-0.01592600,-0.00400000,-0.01192600,-0.03636325,-0.00426540,-0.02228878,-0.02079800
75241,20171206,PXD,-0.02079800,-0.00000000,-0.02079800,-0.01241995,-0.00746477,-0.01492487,0.02082800
75241,20171207,PXD,0.02382800,0.00300000,0.02082800,0.00424048,-0.01199481,-0.00840371,0.00469700
75241,20171208,PXD,0.01069700,0.00600000,0.00469700,0.04112078,0.00684131,0.03058078,0.01476800
75241,20171211,PXD,0.01776800,0.00300000,0.01476800,0.01969384,0.01927302,0.03724624,0.00001700
75241,20171212,PXD,0.00201700,0.00200000,0.00001700,0.00243526,0.02841079,0.02399142,-0.01213900
75241,20171213,PXD,-0.01213900,-0.00000000,-0.01213900,-0.01116343,0.00811428,0.00050423,0.00094400
75241,20171214,PXD,-0.00305600,-0.00400000,0.00094400,-0.02483925,-0.01044316,-0.02247412,-0.01379000
75241,20171215,PXD,-0.00479000,0.00900000,-0.01379000,0.00433695,-0.00797484,-0.00116970,0.01733200
75241,20171218,PXD,0.02233200,0.00500000,0.01733200,0.01211658,0.00065225,0.02008113,0.00858700
75241,20171219,PXD,0.00558700,-0.00300000,0.00858700,0.07198104,0.05860946,0.08967907,0.04469500
75241,20171220,PXD,0.04369500,-0.00100000,0.04469500,0.06169994,0.06615891,0.07537007,0.00768900
75241,20171221,PXD,0.00968900,0.00200000,0.00768900,0.06716634,0.09513467,0.08461768,0.01362400
75241,20171222,PXD,0.01362400,-0.00000000,0.01362400,0.03961219,0.09515053,0.08758346,0.01777200
75241,20171226,PXD,0.01677200,-0.00100000,0.01777200,0.02144361,0.07540670,0.07663351,-0.00990900
75241,20171227,PXD,-0.00890900,0.00100000,-0.00990900,0.00653291,0.02817390,0.08883691,-0.00118800
75241,20171228,PXD,0.00081200,0.00200000,-0.00118800,-0.00453889,0.02688293,0.09494409,0.00656500
75241,20171229,PXD,0.00156500,-0.00500000,0.00656500,-0.00218169,0.00555435,0.10170635,-0.00759500
75241,20180102,PXD,0.00040500,0.00800000,-0.00759500,0.01280973,0.00150002,0.09793123,0.01377800
75241,20180103,PXD,0.01977800,0.00600000,0.01377800,0.00746732,0.01297096,0.09050278,0.00127400
75241,20180104,PXD,0.00527400,0.00400000,0.00127400,0.00366740,0.00266826,0.03149444,-0.01128700
75241,20180105,PXD,-0.00428700,0.00700000,-0.01128700,-0.00063049,0.00557986,0.03332939,0.00944400
75241,20180108,PXD,0.01144400,0.00200000,0.00944400,-0.00618718,0.00894124,0.01470155,-0.00424900
75241,20180109,PXD,-0.00324900,0.00100000,-0.00424900,0.01040816,0.00033460,0.00185872,0.00521500
75241,20180110,PXD,0.00421500,-0.00100000,0.00521500,0.02459241,0.02284784,0.03666730,0.02361000
75241,20180111,PXD,0.03061000,0.00700000,0.02361000,0.03304589,0.03853845,0.04212725,0.00375100
75241,20180112,PXD,0.01075100,0.00700000,0.00375100,0.01132810,0.01230167,0.01834153,-0.01555400
75241,20180116,PXD,-0.01955400,-0.00400000,-0.01555400,-0.01118425,0.01773331,0.02735190,0.00091700
75241,20180117,PXD,0.00991700,0.00900000,0.00091700,-0.01246212,0.01474111,0.01527871,0.00232600
75241,20180118,PXD,0.00032600,-0.00200000,0.00232600,-0.00739381,-0.01944432,0.00296687,-0.01056300
75241,20180119,PXD,-0.00656300,0.00400000,-0.01056300,0.00073440,-0.01421573,0.02412524,0.00908800
75241,20180122,PXD,0.01708800,0.00800000,0.00908800,-0.00521631,-0.00195955,0.01055845,-0.00355700
75241,20180123,PXD,-0.00155700,0.00200000,-0.00355700,0.01916388,0.01073910,0.02905218,0.01347200
75241,20180124,PXD,0.01247200,-0.00100000,0.01347200,0.00980944,0.00828928,0.02350106,-0.00009700
75241,20180125,PXD,0.00090300,0.00100000,-0.00009700,0.00063438,0.00619853,-0.01370984,-0.01274300
75241,20180126,PXD,-0.00074300,0.01200000,-0.01274300,-0.01298271,-0.00316793,-0.01748465,-0.00022000
75241,20180129,PXD,-0.00722000,-0.00700000,-0.00022000,-0.02484381,-0.01187130,-0.01404647,-0.01220900
75241,20180130,PXD,-0.02320900,-0.01100000,-0.01220900,-0.01101086,-0.02363490,-0.01346522,0.00136900
75241,20180131,PXD,0.00136900,0.00000000,0.00136900,0.01011702,-0.00268272,0.00548750,0.02144700
75241,20180201,PXD,0.02044700,-0.00100000,0.02144700,0.00051827,-0.01156465,-0.00593868,-0.02137900
75241,20180202,PXD,-0.04237900,-0.02100000,-0.02137900,0.00144699,-0.00878153,-0.01175311,0.00228500
75241,20180205,PXD,-0.03871500,-0.04100000,0.00228500,-0.02286282,-0.00155030,-0.01284602,-0.00460300
75241,20180206,PXD,0.01239700,0.01700000,-0.00460300,0.01536406,0.01421850,-0.00862251,0.01793500
75241,20180207,PXD,0.01293500,-0.00500000,0.01793500,0.01105667,-0.00765009,-0.01002686,-0.00195500
75241,20180208,PXD,-0.03995500,-0.03800000,-0.00195500,-0.02271259,-0.02414502,-0.03387000,-0.03929700
75241,20180209,PXD,-0.02429700,0.01500000,-0.03929700,-0.01944301,-0.00649559,-0.01476649,0.02223100
75241,20180212,PXD,0.03623100,0.01400000,0.02223100,-0.01450530,0.00166061,0.00004957,0.00366500
75241,20180213,PXD,0.00666500,0.00300000,0.00366500,0.05728446,0.01274639,0.02658234,0.02957400
75241,20180214,PXD,0.04257400,0.01300000,0.02957400,0.02181718,0.00338945,-0.00502398,-0.01149900
75241,20180215,PXD,0.00050100,0.01200000,-0.01149900,0.01329348,0.04061881,0.01233351,-0.00445500
75241,20180216,PXD,-0.00445500,0.00000000,-0.00445500,-0.01289219,0.02015161,0.01342004,0.00298000
75241,20180220,PXD,-0.00302000,-0.00600000,0.00298000,-0.01609215,0.00095797,0.00263187,-0.01474800
75241,20180221,PXD,-0.01974800,-0.00500000,-0.01474800,0.00226222,-0.01354360,-0.00102663,0.01433800
75241,20180222,PXD,0.01533800,0.00100000,0.01433800,-0.00211376,-0.00357695,-0.00038818,-0.00140100
75241,20180223,PXD,0.01459900,0.01600000,-0.00140100,-0.00083332,-0.01289574,0.02737784,-0.01372200
75241,20180226,PXD,-0.00172200,0.01200000,-0.01372200,-0.03026968,-0.03084549,-0.01177913,-0.01493700
75241,20180227,PXD,-0.02793700,-0.01300000,-0.01493700,-0.04213388,-0.03041954,-0.02990938,-0.01441900
75241,20180228,PXD,-0.02541900,-0.01100000,-0.01441900,-0.02205409,-0.03711704,-0.05010133,0.00671400
75241,20180301,PXD,-0.00628600,-0.01300000,0.00671400,-0.01411459,-0.04161150,-0.04521149,-0.00659600
75241,20180302,PXD,-0.00159600,0.00500000,-0.00659600,0.00573025,-0.02344224,-0.03618416,0.00557900
75241,20180305,PXD,0.01657900,0.01100000,0.00557900,-0.01437331,-0.02175502,-0.05200288,-0.01307600
75241,20180306,PXD,-0.01007600,0.00300000,-0.01307600,-0.00645327,-0.00620671,-0.03664451,0.00123600
75241,20180307,PXD,0.00123600,-0.00000000,0.00123600,-0.03036690,-0.03192723,-0.06841994,-0.01863200
75241,20180308,PXD,-0.01463200,0.00400000,-0.01863200,-0.01183006,-0.01976424,-0.06162875,0.00596000
75241,20180309,PXD,0.02296000,0.01700000,0.00596000,-0.01405265,-0.02601836,-0.04884392,-0.00098200
75241,20180312,PXD,-0.00198200,-0.00100000,-0.00098200,0.00132403,-0.01627996,-0.03789897,-0.00352200
75241,20180313,PXD,-0.00952200,-0.00600000,-0.00352200,-0.00156493,-0.01448397,-0.02073426,0.00293300
75241,20180314,PXD,-0.00306700,-0.00600000,0.00293300,-0.01403634,-0.00944477,-0.04137953,-0.01361200
75241,20180315,PXD,-0.01461200,-0.00100000,-0.01361200,0.00371056,-0.00080072,-0.02034095,0.01463000
75241,20180316,PXD,0.01663000,0.00200000,0.01463000,-0.00354749,-0.00409105,-0.02945161,-0.00430600
75241,20180319,PXD,-0.01830600,-0.01400000,-0.00430600,0.03079245,0.01972667,0.00369262,0.02077600
75241,20180320,PXD,0.02177600,0.00100000,0.02077600,0.05059688,0.05145209,0.03682928,0.03443800
75241,20180321,PXD,0.03243800,-0.00200000,0.03443800,0.06267030,0.07233281,0.06276514,0.00772200
75241,20180322,PXD,-0.01727800,-0.02500000,0.00772200,0.06274860,0.07826440,0.07651229,0.02175400
75241,20180323,PXD,0.00075400,-0.02100000,0.02175400,0.02084261,0.07680777,0.07058042,-0.00902600
75241,20180326,PXD,0.01797400,0.02700000,-0.00902600,0.00823523,0.04942052,0.06847922,-0.00475800
75241,20180327,PXD,-0.02175800,-0.01700000,-0.00475800,-0.03428545,-0.00459206,0.04466812,-0.02069700
75241,20180328,PXD,-0.02369700,-0.00300000,-0.02069700,-0.01442401,-0.00146858,0.07075337,0.01143000
75241,20180329,PXD,0.02543000,0.01400000,0.01143000,-0.01596865,-0.02946324,0.04811182,-0.00635000
75241,20180402,PXD,-0.02835000,-0.02200000,-0.00635000,0.00699733,-0.01842208,0.05616462,0.00227800
75241,20180403,PXD,0.01527800,0.01300000,0.00227800,-0.01715531,-0.02702798,0.02276343,-0.01306200
75241,20180404,PXD,-0.00106200,0.01200000,-0.01306200,0.00073995,0.00555513,0.00061039,0.01160800
75241,20180405,PXD,0.01860800,0.00700000,0.01160800,-0.00451289,-0.00865701,-0.01008721,-0.00293800
75241,20180406,PXD,-0.02493800,-0.02200000,-0.00293800,0.01261216,0.00196872,-0.02792887,0.00425600
75241,20180409,PXD,0.00725600,0.00300000,0.00425600,0.03654806,0.03563463,0.01569861,0.03596700
75241,20180410,PXD,0.05296700,0.01700000,0.03596700,0.06725556,0.07527507,0.04727425,0.02540300
75241,20180411,PXD,0.01940300,-0.00600000,0.02540300,0.05931356,0.05947997,0.06677604,-0.00343400
75241,20180412,PXD,0.00456600,0.00800000,-0.00343400,0.05713258,0.10110882,0.09013918,0.03426900
75241,20180413,PXD,0.03126900,-0.00300000,0.03426900,0.03841963,0.10455270,0.10809716,0.00692100
75241,20180416,PXD,0.01492100,0.00800000,0.00692100,0.04185211,0.06531883,0.10501044,-0.00027400
75241,20180417,PXD,0.01072600,0.01100000,-0.00027400,0.01244347,0.04451620,0.12497404,0.00557400
75241,20180418,PXD,0.00657400,0.00100000,0.00557400,0.01676866,0.05947904,0.12312147,0.01124600
75241,20180419,PXD,0.00524600,-0.00600000,0.01124600,0.02312394,0.03034581,0.13559016,0.00634000
75241,20180420,PXD,-0.00266000,-0.00900000,0.00634000,0.02986075,0.03565878,0.14447187,0.01231100
75241,20180423,PXD,0.01231100,0.00000000,0.01231100,0.02490138,0.04168812,0.10873174,0.00646300
75241,20180424,PXD,-0.00653700,-0.01300000,0.00646300,0.03128699,0.04869241,0.09545360,0.01248500
75241,20180425,PXD,0.01448500,0.00200000,0.01248500,0.01826291,0.03703567,0.09852060,-0.00079900
75241,20180426,PXD,0.00920100,0.01000000,-0.00079900,0.00344240,0.02239911,0.05352935,-0.00817400
75241,20180427,PXD,-0.00717400,0.00100000,-0.00817400,0.01040135,0.02941752,0.06574355,0.01934000
75241,20180430,PXD,0.01134000,-0.00800000,0.01934000,-0.00528792,0.00633795,0.04845167,-0.01634700
75241,20180501,PXD,-0.01334700,0.00300000,-0.01634700,-0.00286507,-0.01181122,0.03655680,-0.00572300
75241,20180502,PXD,-0.01272300,-0.00700000,-0.00572300,-0.04067652,-0.02981675,0.00593589,-0.01934200
75241,20180503,PXD,-0.02134200,-0.00200000,-0.01934200,-0.02738221,-0.02444631,-0.00261710,-0.00233100
75241,20180504,PXD,0.01066900,0.01300000,-0.00233100,-0.01670704,-0.03846002,-0.00956886,0.00529100
75241,20180507,PXD,0.00829100,0.00300000,0.00529100,0.01263745,-0.01299498,-0.00679881,0.00944800
75241,20180508,PXD,0.00944800,-0.00000000,0.00944800,0.02471625,0.00228708,-0.00983890,0.00958000
75241,20180509,PXD,0.01958000,0.01000000,0.00958000,0.01865216,0.02207433,-0.00974366,-0.00071300
75241,20180510,PXD,0.00828700,0.00900000,-0.00071300,0.00174040,0.01690184,-0.00856842,-0.00702000
75241,20180511,PXD,-0.00502000,0.00200000,-0.00702000,-0.01153242,0.00757485,-0.03195314,-0.00372000
75241,20180514,PXD,-0.00272000,0.00100000,-0.00372000,0.00333081,0.01232752,-0.00093733,0.01409300
75241,20180515,PXD,0.00709300,-0.00700000,0.01409300,0.02137171,0.01366388,0.01633265,0.01092200
75241,20180516,PXD,0.01492200,0.00400000,0.01092200,0.05704559,0.04591963,0.07061192,0.03123100
75241,20180517,PXD,0.03023100,-0.00100000,0.03123100,0.03246768,0.04296954,0.06153540,-0.00957600
75241,20180518,PXD,-0.01257600,-0.00300000,-0.00957600,0.01527036,0.04083187,0.04961994,-0.00604600
75241,20180521,PXD,0.00095400,0.00700000,-0.00604600,-0.04632496,-0.00578820,0.00643007,-0.03112100
75241,20180522,PXD,-0.03412100,-0.00300000,-0.03112100,-0.05535953,-0.03489531,-0.02198053,-0.01869000
75241,20180523,PXD,-0.01569000,0.00300000,-0.01869000,-0.07714700,-0.09183101,-0.04994308,-0.02942900
75241,20180524,PXD,-0.03142900,-0.00200000,-0.02942900,-0.05839702,-0.09359924,-0.05396067,-0.01140400
75241,20180525,PXD,-0.01340400,-0.00200000,-0.01140400,-0.02726065,-0.07439831,-0.03725119,0.01325900
75241,20180529,PXD,0.00125900,-0.01200000,0.01325900,0.01870106,-0.02973571,-0.03546877,0.01707100
75241,20180530,PXD,0.03007100,0.01300000,0.01707100,0.01906623,-0.02194727,-0.05578822,-0.01090200
75241,20180531,PXD,-0.01790200,-0.00700000,-0.01090200,-0.01157803,-0.00959234,-0.10081482,-0.01716300
75241,20180601,PXD,-0.00616300,0.01100000,-0.01716300,-0.03830204,-0.00873731,-0.10236735,-0.01056600
75241,20180604,PXD,-0.00656600,0.00400000,-0.01056600,-0.02610649,-0.02059655,-0.09477530,0.00167500
75241,20180605,PXD,0.00267500,0.00100000,0.00167500,-0.01889578,-0.04671249,-0.07558752,-0.00994200
75241,20180606,PXD,-0.00094200,0.00900000,-0.00994200,0.01602081,-0.01216454,-0.03425222,0.02424900
75241,20180607,PXD,0.02324900,-0.00100000,0.02424900,-0.00013341,-0.00914355,-0.01882762,-0.01415500
75241,20180608,PXD,-0.01115500,0.00300000,-0.01415500,-0.00006550,-0.00836889,-0.01722055,-0.00979700
75241,20180611,PXD,-0.00879700,0.00100000,-0.00979700,-0.01865001,-0.00468552,-0.02557832,0.00536100
75241,20180612,PXD,0.00736100,0.00200000,0.00536100,-0.00095599,0.00886041,-0.03815225,0.00353400
75241,20180613,PXD,-0.00046600,-0.00400000,0.00353400,-0.00045766,-0.02430522,-0.03681031,-0.00931100
75241,20180614,PXD,-0.00731100,0.00200000,-0.00931100,-0.04234216,-0.04676779,-0.05623535,-0.03686900
75241,20180615,PXD,-0.03786900,-0.00100000,-0.03686900,-0.04182466,-0.03322216,-0.04172098,0.00417200
75241,20180618,PXD,0.00217200,-0.00200000,0.00417200,-0.05208886,-0.05740920,-0.06259025,-0.02016000
75241,20180619,PXD,-0.02416000,-0.00400000,-0.02016000,-0.00120676,-0.04686988,-0.03849759,0.01520900
75241,20180620,PXD,0.01720900,0.00200000,0.01520900,-0.02764795,-0.05917788,-0.08201432,-0.02248700
75241,20180621,PXD,-0.02848700,-0.00600000,-0.02248700,0.03260749,0.01587270,-0.03126349,0.04086000
75241,20180622,PXD,0.04286000,0.00200000,0.04086000,0.01266244,0.00730667,-0.02551819,-0.00420600
75241,20180625,PXD,-0.01820600,-0.01400000,-0.00420600,0.05645100,0.04810844,-0.01168954,0.02000000
75241,20180626,PXD,0.02200000,0.00200000,0.02000000,0.05943301,0.07701967,0.02747267,0.04400100
75241,20180627,PXD,0.03500100,-0.00900000,0.04400100,0.03715947,0.07391029,0.01032154,-0.02648800
75241,20180628,PXD,-0.02048800,0.00600000,-0.02648800,0.01794631,0.03339694,0.04930939,0.00106500
75241,20180629,PXD,0.00206500,0.00100000,0.00106500,-0.04939530,0.01318978,0.02035145,-0.02429600
75241,20180702,PXD,-0.02129600,0.00300000,-0.02429600,-0.01306911,0.00358333,0.05161821,0.01029100
75241,20180703,PXD,0.00529100,-0.00500000,0.01029100,-0.03819798,-0.06314157,0.01166384,-0.02436100
75241,20180705,PXD,-0.01536100,0.00900000,-0.02436100,-0.01301350,-0.03631982,0.03656631,0.00121800
75241,20180706,PXD,0.00921800,0.00800000,0.00121800,-0.00984556,-0.02415947,0.00957710,0.01380800
75241,20180709,PXD,0.02280800,0.00900000,0.01380800,0.01527677,0.00073158,0.01425179,0.00006500
75241,20180710,PXD,0.00306500,0.00300000,0.00006500,-0.01807701,-0.04143544,-0.03775285,-0.03108900
75241,20180711,PXD,-0.03808900,-0.00700000,-0.03108900,-0.04129918,-0.02739134,-0.09058282,-0.01026000
75241,20180712,PXD,-0.00126000,0.00900000,-0.01026000,-0.03070281,-0.01754254,-0.05405140,0.01100900
75241,20180713,PXD,0.01200900,0.00100000,0.01100900,-0.00675425,-0.03791667,-0.06219546,-0.00739900
75241,20180716,PXD,-0.00839900,-0.00100000,-0.00739900,-0.00246377,-0.04376973,-0.04412320,-0.00596700
75241,20180717,PXD,-0.00196700,0.00400000,-0.00596700,-0.01751876,-0.01697826,-0.05870945,-0.00419000
75241,20180718,PXD,-0.00219000,0.00200000,-0.00419000,-0.00214719,0.00136233,-0.02609053,0.00800600
75241,20180719,PXD,0.00400600,-0.00400000,0.00800600,-0.00624665,-0.01948735,-0.03698003,-0.01004000
75241,20180720,PXD,-0.01104000,-0.00100000,-0.01004000,-0.00209628,-0.01221766,-0.04984458,-0.00001000
75241,20180723,PXD,0.00199000,0.00200000,-0.00001000,0.01695186,0.02082070,-0.02391093,0.02732000
75241,20180724,PXD,0.03232000,0.00500000,0.02732000,0.02648013,0.02417706,0.00696574,-0.00109300
75241,20180725,PXD,0.00790700,0.00900000,-0.00109300,0.02837691,0.01793871,0.01937741,0.00194000
75241,20180726,PXD,-0.00106000,-0.00300000,0.00194000,-0.00507561,0.02208500,0.00205122,-0.00589500
75241,20180727,PXD,-0.01289500,-0.00700000,-0.00589500,0.02980740,0.05703089,0.04431225,0.03422300
75241,20180730,PXD,0.02822300,-0.00600000,0.03422300,0.01237443,0.01331783,0.03442518,-0.01545600
75241,20180731,PXD,-0.01045600,0.00500000,-0.01545600,0.01084624,0.00674079,0.03086511,-0.00750600
75241,20180801,PXD,-0.00850600,-0.00100000,-0.00750600,-0.02307858,0.00474992,0.02275806,-0.00009800
75241,20180802,PXD,0.00490200,0.00500000,-0.00009800,-0.03627724,-0.01824238,0.00350764,-0.02870300
75241,20180803,PXD,-0.02370300,0.00500000,-0.02870300,-0.02232475,-0.04509315,0.01049382,0.00686300
75241,20180806,PXD,0.01086300,0.00400000,0.00686300,-0.02270488,-0.03035485,-0.01716332,-0.00052800
75241,20180807,PXD,0.00247200,0.00300000,-0.00052800,0.01427945,-0.01513578,-0.00820025,0.00782500
75241,20180808,PXD,0.00782500,-0.00000000,0.00782500,-0.00446922,-0.02657231,-0.02178831,-0.01165800
75241,20180809,PXD,-0.01265800,-0.00100000,-0.01165800,0.00568702,0.01206213,-0.00628516,0.00963900
75241,20180810,PXD,0.00263900,-0.00700000,0.00963900,-0.01415223,-0.00706936,-0.05156611,-0.01222400
75241,20180813,PXD,-0.01622400,-0.00400000,-0.01222400,-0.00740529,-0.01128101,-0.04129181,-0.00479900
75241,20180814,PXD,0.00120100,0.00600000,-0.00479900,-0.06084494,-0.06228020,-0.07732710,-0.04463400
75241,20180815,PXD,-0.05263400,-0.00800000,-0.04463400,-0.06070800,-0.06255220,-0.08801706,-0.01145400
75241,20180816,PXD,-0.00345400,0.00800000,-0.01145400,-0.05824163,-0.07443401,-0.06313320,-0.00236400
75241,20180817,PXD,0.00063600,0.00300000,-0.00236400,-0.01983904,-0.06891072,-0.07495051,-0.00598400
75241,20180820,PXD,-0.00398400,0.00200000,-0.00598400,-0.00326037,-0.05931211,-0.06964462,0.00513000
75241,20180821,PXD,0.00713000,0.00200000,0.00513000,0.01245116,-0.00148367,-0.06458942,0.01329600
75241,20180822,PXD,0.01329600,-0.00000000,0.01329600,0.01362715,0.00522500,-0.05799357,-0.00475900
75241,20180823,PXD,-0.00675900,-0.00200000,-0.00475900,0.00925055,0.00838955,-0.06722373,0.00074800
75241,20180824,PXD,0.00674800,0.00600000,0.00074800,-0.00440809,0.01424494,-0.05645891,-0.00033100
75241,20180827,PXD,0.00766900,0.00800000,-0.00033100,-0.00872985,-0.00022034,-0.06023385,-0.00902000
75241,20180828,PXD,-0.00902000,0.00000000,-0.00902000,-0.01643388,-0.02053448,-0.02232402,-0.00696700
75241,20180829,PXD,-0.00096700,0.00600000,-0.00696700,-0.01691533,-0.01673862,-0.01160093,-0.00101100
75241,20180830,PXD,-0.00501100,-0.00400000,-0.00101100,-0.00817687,-0.01760406,-0.00941934,-0.00022900
75241,20180831,PXD,-0.00022900,0.00000000,-0.00022900,-0.01974593,-0.03543147,-0.02218925,-0.01860700
75241,20180904,PXD,-0.02060700,-0.00200000,-0.01860700,-0.02659638,-0.03434706,-0.03497202,-0.00798800
75241,20180905,PXD,-0.01098800,-0.00300000,-0.00798800,-0.04866768,-0.04964047,-0.06978803,-0.02312400
75241,20180906,PXD,-0.02712400,-0.00400000,-0.02312400,-0.04310047,-0.06086494,-0.07737837,-0.01282100
75241,20180907,PXD,-0.01482100,-0.00200000,-0.01282100,-0.03145183,-0.05673419,-0.07374833,0.00435100
75241,20180910,PXD,0.00635100,0.00200000,0.00435100,0.00687708,-0.02433206,-0.05879374,0.01560500
75241,20180911,PXD,0.01960500,0.00400000,0.01560500,0.04196100,0.00445323,-0.03005957,0.02133200
75241,20180912,PXD,0.02133200,0.00000000,0.02133200,0.03356096,0.02463621,-0.02699352,-0.00382300
75241,20180913,PXD,0.00117700,0.00500000,-0.00382300,0.01909655,0.03976758,-0.02462533,0.00152800
75241,20180914,PXD,0.00152800,0.00000000,0.00152800,0.00773762,0.04537447,-0.01450965,0.00999000
75241,20180917,PXD,0.00399000,-0.00600000,0.00999000,0.02230264,0.04032124,0.01478983,0.01066200
75241,20180918,PXD,0.01566200,0.00500000,0.01066200,0.02097723,0.01874087,0.02329931,0.00020800
75241,20180919,PXD,0.00120800,0.00100000,0.00020800,-0.01241760,-0.00080008,0.02400552,-0.02300000
75241,20180920,PXD,-0.01500000,0.00800000,-0.02300000,-0.01631628,0.00429341,0.04459602,0.00659300
75241,20180921,PXD,0.00659300,-0.00000000,0.00659300,0.00091727,0.01185973,0.05826110,0.01750600
75241,20180924,PXD,0.01350600,-0.00400000,0.01750600,0.03994619,0.01669030,0.05791065,0.01547000
75241,20180925,PXD,0.01447000,-0.00100000,0.01547000,0.01656068,0.00004564,0.01878675,-0.01605500
75241,20180926,PXD,-0.01905500,-0.00300000,-0.01605500,-0.01437537,0.00949811,0.00877012,-0.01357500
75241,20180927,PXD,-0.01057500,0.00300000,-0.01357500,-0.01706123,0.01562530,0.02008882,0.01273300
75241,20180928,PXD,0.01273300,-0.00000000,0.01273300,0.01819420,0.01723596,0.02950783,0.01913600
75241,20181001,PXD,0.02313600,0.00400000,0.01913600,0.03198954,0.00151096,0.01829909,-0.00016800
75241,20181002,PXD,-0.00016800,-0.00000000,-0.00016800,0.04884644,0.04796370,0.04800974,0.02919300
75241,20181003,PXD,0.03019300,0.00100000,0.02919300,0.02361701,0.05640932,0.06613205,-0.00502000
75241,20181004,PXD,-0.01302000,-0.00800000,-0.00502000,0.04209256,0.06177745,0.07791794,0.01814300
75241,20181005,PXD,0.01214300,-0.00600000,0.01814300,0.00452763,0.03327849,0.05096396,-0.00839800
75241,20181008,PXD,-0.00839800,-0.00000000,-0.00839800,0.04419488,0.06855794,0.07042502,0.03443600
75241,20181009,PXD,0.03343600,-0.00100000,0.03443600,0.01171759,0.02418364,0.07122556,-0.01287100
75241,20181010,PXD,-0.04587100,-0.03300000,-0.01287100,-0.00172979,0.00738376,0.06080668,-0.02161000
75241,20181011,PXD,-0.04261000,-0.02100000,-0.02161000,-0.03646882,-0.01264610,0.04593045,-0.00304800
75241,20181012,PXD,0.01095200,0.01400000,-0.00304800,-0.02026918,-0.00025275,0.03146427,0.00455900
75241,20181015,PXD,-0.00144100,-0.00600000,0.00455900,-0.01801439,-0.05064119,0.01338441,-0.01944200
75241,20181016,PXD,0.00155800,0.02100000,-0.01944200,-0.03423656,-0.05833675,-0.03261542,-0.01947500
75241,20181017,PXD,-0.01947500,-0.00000000,-0.01947500,-0.03781094,-0.03658024,-0.02716603,0.00060200
75241,20181018,PXD,-0.01339800,-0.01400000,0.00060200,-0.02506551,-0.03962110,-0.05014958,-0.00667100
75241,20181019,PXD,-0.00667100,-0.00000000,-0.00667100,-0.02413016,-0.06194562,-0.05928637,-0.01854500
75241,20181022,PXD,-0.02254500,-0.00400000,-0.01854500,-0.04315130,-0.06017043,-0.10500653,-0.01878200
75241,20181023,PXD,-0.02478200,-0.00600000,-0.01878200,-0.06006492,-0.06460130,-0.11649622,-0.02561100
75241,20181024,PXD,-0.05661100,-0.03100000,-0.02561100,-0.03920971,-0.06267159,-0.09705816,0.00520300
75241,20181025,PXD,0.02420300,0.01900000,0.00520300,-0.02924865,-0.06359225,-0.09918857,-0.00871400
75241,20181026,PXD,-0.02571400,-0.01700000,-0.00871400,-0.04067085,-0.08036333,-0.13494733,-0.03696600
75241,20181029,PXD,-0.04396600,-0.00700000,-0.03696600,-0.04270896,-0.06228049,-0.11597051,0.00287100
75241,20181030,PXD,0.01887100,0.01600000,0.00287100,-0.03595451,-0.03976438,-0.10104731,-0.00077900
75241,20181031,PXD,0.01022100,0.01100000,-0.00077900,0.00695408,-0.03990962,-0.10004151,0.00468500
75241,20181101,PXD,0.01568500,0.01100000,0.00468500,-0.00830609,-0.04346008,-0.10418213,-0.01191700
75241,20181102,PXD,-0.01791700,-0.00600000,-0.01191700,-0.00410630,-0.00209467,-0.08529077,0.00339400
75241,20181105,PXD,0.00939400,0.00600000,0.00339400,-0.01305022,-0.00942165,-0.07267723,-0.00438100
75241,20181106,PXD,0.00161900,0.00600000,-0.00438100,0.06752875,0.05966405,0.01729522,0.06781000
75241,20181107,PXD,0.08881000,0.02100000,0.06781000,0.03145961,0.02232278,-0.01913062,-0.02915600
75241,20181108,PXD,-0.03215600,-0.00300000,-0.02915600,0.06730945,0.06703507,0.02142968,0.03014900
75241,20181109,PXD,0.02114900,-0.00900000,0.03014900,-0.01396527,0.04620313,0.04579907,-0.01441400
75241,20181112,PXD,-0.03441400,-0.02000000,-0.01441400,-0.00988709,0.02437386,0.01552704,-0.02505000
75241,20181113,PXD,-0.02605000,-0.00100000,-0.02505000,-0.02837797,-0.02776855,0.02675993,0.01052800
75241,20181114,PXD,0.00252800,-0.00800000,0.01052800,0.00158961,0.01642288,0.03890459,0.01674100
75241,20181115,PXD,0.02774100,0.01100000,0.01674100,0.03626651,-0.00467108,0.06086952,0.00852600
75241,20181116,PXD,0.01052600,0.00200000,0.00852600,0.04733724,0.03168608,0.07857220,0.02140900
75241,20181119,PXD,0.00440900,-0.01700000,0.02140900,0.00874206,0.03553570,0.05960555,-0.02042700
75241,20181120,PXD,-0.03842700,-0.01800000,-0.02042700,0.01563080,0.04095836,0.01092898,0.01565800
75241,20181121,PXD,0.01865800,0.00300000,0.01565800,-0.04173583,-0.01300453,0.00295351,-0.03710200
75241,20181123,PXD,-0.04410200,-0.00700000,-0.03710200,-0.01786948,-0.01674597,-0.02095979,0.00486000
75241,20181126,PXD,0.02086000,0.01600000,0.00486000,-0.05634191,-0.06068436,-0.03022806,-0.02376700
75241,20181127,PXD,-0.02076700,0.00300000,-0.02376700,-0.03752623,-0.05973149,-0.02316881,-0.01769800
75241,20181128,PXD,0.00530200,0.02300000,-0.01769800,-0.03113878,-0.06423019,-0.02331353,0.01058700
75241,20181129,PXD,0.00858700,-0.00200000,0.01058700,-0.02483882,-0.04478325,-0.05619761,-0.01751900
75241,20181130,PXD,-0.00951900,0.00800000,-0.01751900,0.02000276,-0.02266296,-0.03923332,0.02710500
75241,20181203,PXD,0.03810500,0.01100000,0.02710500,-0.00987280,-0.01693499,-0.07696922,-0.01820200
75241,20181204,PXD,-0.05020200,-0.03200000,-0.01820200,-0.01141141,-0.01823448,-0.07653189,-0.01900500
75241,20181206,PXD,-0.02100500,-0.00200000,-0.01900500,-0.01151995,-0.00322282,-0.06490305,0.02566400
75241,20181207,PXD,0.00266400,-0.02300000,0.02566400,-0.01214217,-0.00479893,-0.04763669,-0.01906300
75241,20181210,PXD,-0.01706300,0.00200000,-0.01906300,-0.00665023,-0.04163800,-0.06394135,-0.01344600
75241,20181211,PXD,-0.01344600,-0.00000000,-0.01344600,-0.02547155,-0.01839997,-0.03484804,0.00718700
75241,20181212,PXD,0.01218700,0.00500000,0.00718700,-0.01894402,-0.01203585,-0.02954616,-0.01253900
75241,20181213,PXD,-0.01253900,-0.00000000,-0.01253900,0.00306149,-0.02885577,-0.03084599,0.00846600
75241,20181214,PXD,-0.01053400,-0.01900000,0.00846600,-0.00977229,-0.01592686,-0.01978374,-0.00605300
75241,20181217,PXD,-0.02705300,-0.02100000,-0.00605300,-0.00751376,-0.01279680,-0.05175856,-0.01019300
75241,20181218,PXD,-0.01019300,0.00000000,-0.01019300,0.00236078,-0.00149369,-0.01884538,0.01878600
75241,20181219,PXD,0.00378600,-0.01500000,0.01878600,-0.00528960,-0.00286400,-0.01398693,-0.01379600
75241,20181220,PXD,-0.02979600,-0.01600000,-0.01379600,-0.00181282,-0.01689971,-0.04301301,-0.00652300
75241,20181221,PXD,-0.02752300,-0.02100000,-0.00652300,-0.02829752,-0.02009689,-0.03378219,-0.00953700
75241,20181224,PXD,-0.03653700,-0.02700000,-0.00953700,0.01076717,0.01512392,0.00199849,0.02899800
75241,20181226,PXD,0.07899800,0.05000000,0.02899800,0.00913018,-0.01183238,-0.01265898,-0.00861500
75241,20181227,PXD,0.00038500,0.00900000,-0.00861500,0.02459155,0.00650748,0.00315145,0.00430600
75241,20181228,PXD,0.00330600,-0.00100000,0.00430600,-0.00459503,0.01343559,-0.00528872,-0.00026100
75241,20181231,PXD,0.00773900,0.00800000,-0.00026100,,,,
